x,p,rho,vx
-0.7812998532106479,0.021749571763925484,0.05163896240388253,-0.9188195867488392
-0.7584383148453513,0.02624325483411203,0.08284445429244268,-0.8907550546414628
-0.7287333070727543,0.02919235614217968,0.1065852380456735,-0.8562589118709324
-0.7074002960362445,0.03809604411600863,0.13541603651783324,-0.8323504975075658
-0.6879771127734997,0.04451219061854559,0.15820259145496235,-0.8098400788301324
-0.6702423736091326,0.05258695310521038,0.17728220345604215,-0.7902403466178478
-0.6534426873968656,0.06083015552702676,0.19379093631149605,-0.7713877373533866
-0.637434105678843,0.07053883688748913,0.20809851323382952,-0.7537104246580049
-0.6218255341700655,0.08057820055801018,0.22245685389495293,-0.7360863532402857
-0.6069676626010752,0.0905278153149125,0.23673836789716085,-0.7190235460590806
-0.5924810399296285,0.1003082895378126,0.25063258708213215,-0.7013740949120261
-0.5784721117397338,0.11057767634668586,0.2652629274948791,-0.6845796387968222
-0.5649780298501553,0.12107469853401252,0.2801249235066032,-0.6679076664970446
-0.5518928428344025,0.1318128212366198,0.29481727662148033,-0.6511277754356259
-0.5392176884534863,0.14293244565937122,0.3094594948687177,-0.634403538983228
-0.5269032521846843,0.1544263317662659,0.3240049036801183,-0.6176074708869673
-0.5149304300757831,0.16637400342886147,0.338593770850051,-0.6007952300411139
-0.5032807076269153,0.17877711628620782,0.3533143356879182,-0.5839915179806171
-0.49194023195884845,0.19160363917537282,0.36830436241278314,-0.5671170566774608
-0.480905291127182,0.204884956633756,0.38347622262424735,-0.5501903326736463
-0.4701537325340742,0.2186599536921953,0.39877701510965596,-0.5332401497303146
-0.4596795794763755,0.2329437172643149,0.41426433652952566,-0.5162539515899955
-0.44947040454896453,0.24775602669140417,0.4298711536142023,-0.49923834414173945
-0.4395124363399638,0.2631022313790263,0.44570531670240604,-0.48218810958269065
-0.42980395461133963,0.27899413375621224,0.4618021958526477,-0.46509183845792396
-0.4203330182367891,0.295474569079829,0.4781298488218525,-0.4479287269116576
-0.4110949145925014,0.31256413748692385,0.4947121360533255,-0.4306634510877243
-0.40208090672413477,0.3302923594890202,0.5115303291805662,-0.41326157793389456
-0.39328409650653423,0.3487092181001475,0.5286349969126204,-0.39572440361945904
-0.3846991071129135,0.3679145662562444,0.5460915834556597,-0.37813154538448984
-0.37632173646212713,0.3880715425724552,0.5639980443549293,-0.36065074348835996
-0.36815098270793556,0.40933941199196733,0.5824403511736691,-0.34346553633386423
-0.3601864445805552,0.43172269846670974,0.6013775313487738,-0.3265985151550698
-0.35242560632840014,0.4548780765545282,0.62054288788718,-0.309718634631453
-0.34485912200342195,0.47803865800906237,0.6394108199778706,-0.2920910313225782
-0.33746814903881206,0.5002480740614615,0.6573731378038575,-0.27282459902432415
-0.3302269083162602,0.5209574598124332,0.6741270054818977,-0.25141283809754117
-0.3231114758580128,0.5407966247271379,0.6901596604780146,-0.22837812626203136
-0.3161133221360487,0.5621212346626953,0.7070864748574291,-0.2056856674278845
-0.3092516869190731,0.5888651792796196,0.7274961961061931,-0.18647457394767697
-0.30257599218904707,0.6252715375936398,0.7539963762576035,-0.17371755805325215
-0.2961503164189843,0.673477946681659,0.7875801640428022,-0.16813161550677538
-0.290022540553132,0.7311031721101808,0.826316614308078,-0.1669299651167175
-0.28419672052906897,0.7910548384121844,0.8656654896078582,-0.16496127002790734
-0.2786286285457903,0.8445625279068015,0.9004668515684723,-0.15744789245059204
-0.2732452979916095,0.8854223960149311,0.9271950873743804,-0.14202222772174927
-0.26797254927109565,0.9122960700073398,0.9450947306549629,-0.11899613563355782
-0.2627548519820074,0.9278254641418815,0.9557525415884461,-0.09035356903117212
-0.2575608184537018,0.9359590622338978,0.9616071206112031,-0.05838727435635869
-0.25237696251534647,0.9398030487551283,0.9645552968302499,-0.024795169678172326
-0.24719811270373815,0.9410317448521247,0.9655232298592671,0.009449086821476457
-0.24202137794170756,0.9401834931735875,0.9647725748492907,0.0437671764872891
-0.2368443758107503,0.93674604476356,0.9620344468348343,0.07753289375274282
-0.23166225593676912,0.9286213068869046,0.9560598002966527,0.10953664784249698
-0.22645856564285952,0.9116830898514039,0.9442979986522964,0.1375628207540231
-0.22119267244610402,0.8809335100618201,0.9237512503606209,0.15872258009770412
-0.21579396236573511,0.833743991442965,0.8929373303436194,0.17081562257229424
-0.21017280613386796,0.7731237741181124,0.8535730861230617,0.17406732491866875
-0.20424916680934194,0.7078881416667545,0.8106391645790367,0.17215635514786162
-0.19798740723814542,0.6486892620362237,0.7704854839670537,0.17136967768019584
-0.19141451338768395,0.6025477872369164,0.7378380387050686,0.17747565908866172
-0.18460358798573934,0.5701819940531453,0.7137491552723096,0.19242285386661517
-0.17763309615938724,0.547590561787423,0.6960109548692237,0.21394663381941434
-0.17055255820773563,0.5294465388076047,0.6812146895350695,0.2379437479641713
-0.1633726251158877,0.5116248829529051,0.6665874265312094,0.2609658685661485
-0.15607512518403224,0.49215080454724747,0.650752464663738,0.28131747429911286
-0.14863060404214365,0.4709766964353242,0.6336168987471784,0.2989360577992749
-0.1410137140876317,0.44915495178795084,0.6158419450801058,0.3146895119563974
-0.13321116909560526,0.42793654661306413,0.5982756525616706,0.32958839715968474
-0.12522245778417085,0.40820000587887895,0.5815751833326843,0.3442384573896253
-0.11705543344278192,0.3903281431781623,0.5660953178633378,0.3586852862236576
-0.1087212053271074,0.3743843319418383,0.5519916609236684,0.37257897778834304
-0.10023263244640547,0.36033693266771166,0.5393318404113258,0.3854360349212545
-0.09160191712645768,0.34818387498359676,0.5282086800598703,0.39684193552816294
-0.08284501367723927,0.33796743262227846,0.5187244503090904,0.40652914140341995
-0.07397903971999932,0.32970237914241174,0.5109253914897786,0.41438744415617224
-0.06502214241072306,0.32331372228897476,0.504853848637967,0.4204587265083825
-0.05599908595734979,0.3186106284811003,0.5003236605234799,0.4249201843403588
-0.04692115864197114,0.31526997050523486,0.49719064706778127,0.4280509633802429
-0.03781630204255558,0.3129693622599399,0.4950700983687547,0.4302100027252357
-0.028683942877045423,0.3114052753996431,0.4935879569589885,0.4316819586279384
-0.019537747773583768,0.3103259468390251,0.49264823753567794,0.4327109060585627
-0.010383645834297487,0.3096109800036065,0.4919711728635503,0.43343704127696864
-0.0012171263684264725,0.3091431082261198,0.4916918711201491,0.4338745319488174
0.007942213661223822,0.3088476068352226,0.4917264616087497,0.43408502728687726
0.017104095437046198,0.30873676002646055,0.4919179188911692,0.43412013169716407
0.026255977001799758,0.3087432048669312,0.49220197490550305,0.4340570718988625
0.03540697150775877,0.30878569131009176,0.49246890060256304,0.4339883838091959
0.044549915919364504,0.30885712141023725,0.49268584410271593,0.4340031503798531
0.05369167114154101,0.30880434607611307,0.4928094179256946,0.43399329499092176
0.06283129960883449,0.308577514510942,0.49294683866752986,0.43386473174082485
0.07196864239889347,0.3083515500413669,0.4930396770464006,0.4336806628240097
0.08110621892005204,0.3082525510310281,0.49294665190139086,0.4334390558182612
0.09024494156703677,0.3086524130191199,0.49221337870582244,0.43304719129128955
0.09941176284420337,0.3104897454394177,0.4904330760845179,0.4329647511271539
0.10861735001404968,0.31460130583654555,0.4874336048983081,0.43322781658200366
0.11789074741203831,0.3215123737645529,0.4850170824646092,0.43389222810153427
0.12730328869136917,0.3287479778997383,0.500219087273675,0.4345582183223031
0.13611679325756468,0.32331020701778773,0.5585281513359769,0.43222499724239866
0.1440141145309368,0.30062369618374213,0.7143116265097185,0.4310560980545217
0.1494930431654489,0.2769876937887283,0.11440123475819049,0.42877777149024215
0.1542634065896354,0.269575239496622,0.14412652800460374,0.43261000700785984
0.15761801845583528,0.267636543364965,0.17301290546321532,0.43174831442144307
0.16086646400771906,0.270013745942186,0.2000616095202188,0.4346649796178434
0.16329022752074968,0.2759745842639581,0.2202661218909765,0.4322508486568362
0.16597385949247512,0.283942958360004,0.2356988477195893,0.4343240791406328
0.16806511778216904,0.29167590299522306,0.2438946804912578,0.43336848681720874
0.17053696568889448,0.29858967411942144,0.24310067905155508,0.4338866722081201
0.1727385001418334,0.30360135003005795,0.24495872206697186,0.4349043358090463
0.17508939018762817,0.3071905259818978,0.24142492940736135,0.43333539355907663
0.17743029264724708,0.30893078865130347,0.24052748081949887,0.43335023894569613
0.17976973121360112,0.3098181710648433,0.24028535102059664,0.4324306813596449
0.1821259707357592,0.3100649662689803,0.24085985276054028,0.43191604967949077
0.18445119764331175,0.31072738494126867,0.2417766486465068,0.4309486210771243
0.18679038129219833,0.31147076659809597,0.2425412471739056,0.43010355246587556
0.1891043138462173,0.3122070141438407,0.2432005741666338,0.42952324419046456
0.19142942314140352,0.3126036479017333,0.24338438441738117,0.42923024749802174
0.19374355826795386,0.31236305867415237,0.24341097348982754,0.42943581491452404
0.19606484888979875,0.31143907810149074,0.24295401073985778,0.4301768530190598
0.19838832143986862,0.3098524831525163,0.24230319392271654,0.43155455382801006
0.20071745955409045,0.3077202233809213,0.24134419279007308,0.43361079612367515
0.20305514328019075,0.30516743437153426,0.2401900576769467,0.4363195176045963
0.20540000028358085,0.30228919103317076,0.2388978848916439,0.4395535204349784
0.20775453087306506,0.2992088525129674,0.23747854706132773,0.4431213516253395
0.21011899442184703,0.29614244854204413,0.2361006634646231,0.4466981535576412
0.21249156049843962,0.2934600073599241,0.23487583530627537,0.4498759867436386
0.21487343985646412,0.29170996064909677,0.23412168960964524,0.45205238703137957
0.21725596719807458,0.2915879395647358,0.23412104092533534,0.45248962796256026
0.21963772055794656,0.2938059020603108,0.23522764333929302,0.45033852477367203
0.22200445615347977,0.2989075289153703,0.23768654100757533,0.4450311577916537
0.2243510228317397,0.306994714540593,0.24148444723918328,0.4365351566096373
0.22666533660432286,0.31743361959222083,0.2463704181637182,0.425765611530853
0.22894361272508104,0.3289074916795033,0.2516414668216548,0.4143397177474454
0.23118647935201367,0.33969653376187636,0.2565890683839194,0.4040852993595759
0.23339782626279185,0.348345690381149,0.26053601953852046,0.3964081502151955
0.23558833248300584,0.35415855102315846,0.2631918004972301,0.39190732159857455
0.237764690016855,0.35718148760173496,0.26462885118595475,0.3905146406618873
0.23993444172648418,0.3579049772069494,0.26499424443453135,0.3917126704110246
0.24210276751533227,0.3566909800274391,0.2644582165869543,0.39467067005839274
0.24427484553000745,0.35363944225998184,0.26306073559124193,0.3985520971854254
0.24645899233739824,0.3488706519780845,0.2609775975456208,0.4028369867907775
0.24865662250671894,0.342682823770466,0.2582588348912474,0.4074281838073717
0.2508788116300343,0.33552392100920475,0.25520333527658134,0.4124672710133086
0.25311779018545805,0.32803855910259244,0.2517659303767097,0.4182138186802279
0.25538829683872044,0.3203570766496633,0.24795810713768074,0.4243435494691107
0.2576805489921445,0.31198675588981917,0.24360810226866264,0.4297468244386002
0.26001966630465334,0.3029026799985207,0.23892699548370044,0.4339351507646548
0.262398770515291,0.29438783866465573,0.23499333009283255,0.43871185999013806
0.26480557985240527,0.28718130153681937,0.23202048167205216,0.4459409369737257
0.2672246123438466,0.2797443955059731,0.22946266275211794,0.4541678405810888
0.26965113742656965,0.27064589574905396,0.22584407270630386,0.4583061769639924
0.27213376405615636,0.258187460061053,0.220162897374268,0.46117090889609397
0.2746883127046156,0.24435568286817738,0.21377799520772012,0.46136144094585513
0.2773202533101767,0.23137671863846287,0.20603272804591172,0.4628453790818102
0.28005881473327493,0.21677587436270934,0.19538917994223864,0.463608749884131
0.28296470402869095,0.1948737087731087,0.1805194832478192,0.44701874603724384
0.2862598590247979,0.16369769508069967,0.16107315210558662,0.40419365211455804
0.29018969974425296,0.13130087764197576,0.14081134493566907,0.3385844924176738
0.2948148126625948,0.1046128101119368,0.12272334014390825,0.2768144618362768
0.30018309719993214,0.08254797469971688,0.10794547570481594,0.21249798676896223
0.30634451217416625,0.06625903074111031,0.09735090466678993,0.15113408428107647
0.3130629373769789,0.0590426382270836,0.09157779167497326,0.14038146413309238
0.31997228131594024,0.056872146452000484,0.08944593261551492,0.1668013043847007
0.326876916852303,0.056242623109477,0.08841268704180665,0.2043343792142212
0.33379382769446264,0.05505320701890978,0.08698756212658869,0.2348580638304844
0.3408153966631376,0.052920388703276575,0.08485127740874027,0.255573299450727
0.34802232296950825,0.05021577856373735,0.08226107313338646,0.270209716891356
0.3554512679999895,0.047446427569253186,0.07957586322417137,0.2835968375936507
0.3631015902517189,0.044896119897451556,0.07701141260496584,0.2985332855200666
0.3709588856672012,0.04259521582712538,0.0746057796662849,0.3153533392061396
0.3790138501575392,0.04046029208899189,0.0723056584122903,0.3331535449495097
0.3872679975887823,0.03841337532350758,0.07005474341832689,0.35104828164569774
0.3957290743019464,0.03642069207440994,0.06782472751332974,0.36865081945461137
0.40440791492460393,0.03448045861394414,0.06561279491431893,0.3859745295461776
0.41331317166040976,0.032601275433749195,0.0634249903822642,0.403167130613148
0.4224532220827297,0.03078805532475979,0.06126272372335642,0.4203452590481955
0.43183788795404626,0.029039741072750466,0.05913261523326047,0.43755397009159025
0.4414716725601339,0.02735296472364333,0.05702897640622984,0.45479567146342953
0.451370513271422,0.025721537827553622,0.05495811852647198,0.4720642526422738
0.4615341369746507,0.024144463510337208,0.05291210079183969,0.48935661793665297
0.4719833387065758,0.022621417534580596,0.05087568346177088,0.506683365967245
0.4827300714689772,0.021151160209443673,0.04886168577836047,0.5240413562018511
0.49378340096273476,0.019731593977409496,0.04685562476121402,0.5414515423375947
0.5051744204736287,0.018357229449485795,0.04487603061232507,0.5588742388613723
0.5168980935479178,0.0170272681344211,0.04292456106982397,0.576346002183453
0.5289874314522679,0.015742509971399452,0.04098098109589283,0.5939013216840189
0.5414520065027775,0.014505002351022213,0.039030064452063,0.6115599240700164
0.5543467175384236,0.013309483522942521,0.03707298591288244,0.6293739011597373
0.5676610660317674,0.012136068171139991,0.03507595649127815,0.6470476903977534
0.5815565925076696,0.010999463332311572,0.03313371521893368,0.6650510829636344
0.595870901291775,0.00989484114423598,0.03123111712441309,0.6834884547398083
0.6107671327269665,0.008783522092674165,0.029271823162391578,0.7013903512726591
0.626394202851537,0.007674385277330435,0.027417795483694295,0.7202472321705929
0.642389804395868,0.006601628983560224,0.025511208402759483,0.7386848132995125
0.659441717261587,0.0057008449764139905,0.02333271992210487,0.7594303752595986
0.6771754587710966,0.004842104820615751,0.020786197223380782,0.7802336014570428
0.6971685677282039,0.004094856250542984,0.017661607421430824,0.8058103194723681
0.7190182710586076,0.003131958421075878,0.013815025464176263,0.8323831339704433
0.7500262728864105,0.0027660993477732518,0.010649715528651552,0.8714538370856573
0.7749254330120501,0.002288920156863751,0.006558318503113842,0.9052614929544035
