# Time: 0.35
# Iterations: 6
# Columns: x, P, n, N, v, u, gamma, S, e
0.000000000000000000e+00 1.000000000000000000e+00 1.000000000000000000e+00 1.000000000000000000e+00 0.000000000000000000e+00 1.499999999999999778e+00 1.000000000000000000e+00 0.000000000000000000e+00 2.500000000000000000e+00
2.506265664160400863e-03 1.000000000000000000e+00 1.000000000000000000e+00 1.000000000000000000e+00 0.000000000000000000e+00 1.499999999999999778e+00 1.000000000000000000e+00 0.000000000000000000e+00 2.500000000000000000e+00
5.012531328320801727e-03 1.000000000000000000e+00 1.000000000000000000e+00 1.000000000000000000e+00 0.000000000000000000e+00 1.499999999999999778e+00 1.000000000000000000e+00 0.000000000000000000e+00 2.500000000000000000e+00
7.518796992481202590e-03 1.000000000000000000e+00 1.000000000000000000e+00 1.000000000000000000e+00 0.000000000000000000e+00 1.499999999999999778e+00 1.000000000000000000e+00 0.000000000000000000e+00 2.500000000000000000e+00
1.002506265664160345e-02 1.000000000000000000e+00 1.000000000000000000e+00 1.000000000000000000e+00 0.000000000000000000e+00 1.499999999999999778e+00 1.000000000000000000e+00 0.000000000000000000e+00 2.500000000000000000e+00
1.253132832080200432e-02 1.000000000000000000e+00 1.000000000000000000e+00 1.000000000000000000e+00 0.000000000000000000e+00 1.499999999999999778e+00 1.000000000000000000e+00 0.000000000000000000e+00 2.500000000000000000e+00
1.503759398496240518e-02 1.000000000000000000e+00 1.000000000000000000e+00 1.000000000000000000e+00 0.000000000000000000e+00 1.499999999999999778e+00 1.000000000000000000e+00 0.000000000000000000e+00 2.500000000000000000e+00
1.754385964912280604e-02 1.000000000000000000e+00 1.000000000000000000e+00 1.000000000000000000e+00 0.000000000000000000e+00 1.499999999999999778e+00 1.000000000000000000e+00 0.000000000000000000e+00 2.500000000000000000e+00
2.005012531328320691e-02 1.000000000000000000e+00 1.000000000000000000e+00 1.000000000000000000e+00 0.000000000000000000e+00 1.499999999999999778e+00 1.000000000000000000e+00 0.000000000000000000e+00 2.500000000000000000e+00
2.255639097744360777e-02 1.000000000000000000e+00 1.000000000000000000e+00 1.000000000000000000e+00 0.000000000000000000e+00 1.499999999999999778e+00 1.000000000000000000e+00 0.000000000000000000e+00 2.500000000000000000e+00
2.506265664160400863e-02 1.000000000000000000e+00 1.000000000000000000e+00 1.000000000000000000e+00 0.000000000000000000e+00 1.499999999999999778e+00 1.000000000000000000e+00 0.000000000000000000e+00 2.500000000000000000e+00
2.756892230576440950e-02 1.000000000000000000e+00 1.000000000000000000e+00 1.000000000000000000e+00 0.000000000000000000e+00 1.499999999999999778e+00 1.000000000000000000e+00 0.000000000000000000e+00 2.500000000000000000e+00
3.007518796992481036e-02 1.000000000000000000e+00 1.000000000000000000e+00 1.000000000000000000e+00 0.000000000000000000e+00 1.499999999999999778e+00 1.000000000000000000e+00 0.000000000000000000e+00 2.500000000000000000e+00
3.258145363408521122e-02 1.000000000000000000e+00 1.000000000000000000e+00 1.000000000000000000e+00 0.000000000000000000e+00 1.499999999999999778e+00 1.000000000000000000e+00 0.000000000000000000e+00 2.500000000000000000e+00
3.508771929824561209e-02 1.000000000000000000e+00 1.000000000000000000e+00 1.000000000000000000e+00 0.000000000000000000e+00 1.499999999999999778e+00 1.000000000000000000e+00 0.000000000000000000e+00 2.500000000000000000e+00
3.759398496240601295e-02 1.000000000000000000e+00 1.000000000000000000e+00 1.000000000000000000e+00 0.000000000000000000e+00 1.499999999999999778e+00 1.000000000000000000e+00 0.000000000000000000e+00 2.500000000000000000e+00
4.010025062656641381e-02 1.000000000000000000e+00 1.000000000000000000e+00 1.000000000000000000e+00 0.000000000000000000e+00 1.499999999999999778e+00 1.000000000000000000e+00 0.000000000000000000e+00 2.500000000000000000e+00
4.260651629072681468e-02 1.000000000000000000e+00 1.000000000000000000e+00 1.000000000000000000e+00 0.000000000000000000e+00 1.499999999999999778e+00 1.000000000000000000e+00 0.000000000000000000e+00 2.500000000000000000e+00
4.511278195488721554e-02 1.000000000000000000e+00 1.000000000000000000e+00 1.000000000000000000e+00 0.000000000000000000e+00 1.499999999999999778e+00 1.000000000000000000e+00 0.000000000000000000e+00 2.500000000000000000e+00
4.761904761904761640e-02 1.000000000000000000e+00 1.000000000000000000e+00 1.000000000000000000e+00 0.000000000000000000e+00 1.499999999999999778e+00 1.000000000000000000e+00 0.000000000000000000e+00 2.500000000000000000e+00
5.012531328320801727e-02 1.000000000000000000e+00 1.000000000000000000e+00 1.000000000000000000e+00 0.000000000000000000e+00 1.499999999999999778e+00 1.000000000000000000e+00 0.000000000000000000e+00 2.500000000000000000e+00
5.263157894736841813e-02 1.000000000000000000e+00 1.000000000000000000e+00 1.000000000000000000e+00 0.000000000000000000e+00 1.499999999999999778e+00 1.000000000000000000e+00 0.000000000000000000e+00 2.500000000000000000e+00
5.513784461152881899e-02 1.000000000000000000e+00 1.000000000000000000e+00 1.000000000000000000e+00 0.000000000000000000e+00 1.499999999999999778e+00 1.000000000000000000e+00 0.000000000000000000e+00 2.500000000000000000e+00
5.764411027568921986e-02 1.000000000000000000e+00 1.000000000000000000e+00 1.000000000000000000e+00 0.000000000000000000e+00 1.499999999999999778e+00 1.000000000000000000e+00 0.000000000000000000e+00 2.500000000000000000e+00
6.015037593984962072e-02 1.000000000000000000e+00 1.000000000000000000e+00 1.000000000000000000e+00 0.000000000000000000e+00 1.499999999999999778e+00 1.000000000000000000e+00 0.000000000000000000e+00 2.500000000000000000e+00
6.265664160401002158e-02 1.000000000000000000e+00 1.000000000000000000e+00 1.000000000000000000e+00 0.000000000000000000e+00 1.499999999999999778e+00 1.000000000000000000e+00 0.000000000000000000e+00 2.500000000000000000e+00
6.516290726817042245e-02 1.000000000000000000e+00 1.000000000000000000e+00 1.000000000000000000e+00 0.000000000000000000e+00 1.499999999999999778e+00 1.000000000000000000e+00 0.000000000000000000e+00 2.500000000000000000e+00
6.766917293233082331e-02 1.000000000000000000e+00 1.000000000000000000e+00 1.000000000000000000e+00 0.000000000000000000e+00 1.499999999999999778e+00 1.000000000000000000e+00 0.000000000000000000e+00 2.500000000000000000e+00
7.017543859649122417e-02 1.000000000000000000e+00 1.000000000000000000e+00 1.000000000000000000e+00 0.000000000000000000e+00 1.499999999999999778e+00 1.000000000000000000e+00 0.000000000000000000e+00 2.500000000000000000e+00
7.268170426065162504e-02 1.000000000000000000e+00 1.000000000000000000e+00 1.000000000000000000e+00 0.000000000000000000e+00 1.499999999999999778e+00 1.000000000000000000e+00 0.000000000000000000e+00 2.500000000000000000e+00
7.518796992481202590e-02 1.000000000000000000e+00 1.000000000000000000e+00 1.000000000000000000e+00 0.000000000000000000e+00 1.499999999999999778e+00 1.000000000000000000e+00 0.000000000000000000e+00 2.500000000000000000e+00
7.769423558897242676e-02 1.000000000000000000e+00 1.000000000000000000e+00 1.000000000000000000e+00 0.000000000000000000e+00 1.499999999999999778e+00 1.000000000000000000e+00 0.000000000000000000e+00 2.500000000000000000e+00
8.020050125313282763e-02 1.000000000000000000e+00 1.000000000000000000e+00 1.000000000000000000e+00 0.000000000000000000e+00 1.499999999999999778e+00 1.000000000000000000e+00 0.000000000000000000e+00 2.500000000000000000e+00
8.270676691729322849e-02 1.000000000000000000e+00 1.000000000000000000e+00 1.000000000000000000e+00 0.000000000000000000e+00 1.499999999999999778e+00 1.000000000000000000e+00 0.000000000000000000e+00 2.500000000000000000e+00
8.521303258145362935e-02 1.000000000000000000e+00 1.000000000000000000e+00 1.000000000000000000e+00 0.000000000000000000e+00 1.499999999999999778e+00 1.000000000000000000e+00 0.000000000000000000e+00 2.500000000000000000e+00
8.771929824561403022e-02 1.000000000000000000e+00 1.000000000000000000e+00 1.000000000000000000e+00 0.000000000000000000e+00 1.499999999999999778e+00 1.000000000000000000e+00 0.000000000000000000e+00 2.500000000000000000e+00
9.022556390977443108e-02 1.000000000000000000e+00 1.000000000000000000e+00 1.000000000000000000e+00 0.000000000000000000e+00 1.499999999999999778e+00 1.000000000000000000e+00 0.000000000000000000e+00 2.500000000000000000e+00
9.273182957393483195e-02 1.000000000000000000e+00 1.000000000000000000e+00 1.000000000000000000e+00 0.000000000000000000e+00 1.499999999999999778e+00 1.000000000000000000e+00 0.000000000000000000e+00 2.500000000000000000e+00
9.523809523809523281e-02 1.000000000000000000e+00 1.000000000000000000e+00 1.000000000000000000e+00 0.000000000000000000e+00 1.499999999999999778e+00 1.000000000000000000e+00 0.000000000000000000e+00 2.500000000000000000e+00
9.774436090225563367e-02 1.000000000000000000e+00 1.000000000000000000e+00 1.000000000000000000e+00 0.000000000000000000e+00 1.499999999999999778e+00 1.000000000000000000e+00 0.000000000000000000e+00 2.500000000000000000e+00
1.002506265664160345e-01 1.000000000000000000e+00 1.000000000000000000e+00 1.000000000000000000e+00 0.000000000000000000e+00 1.499999999999999778e+00 1.000000000000000000e+00 0.000000000000000000e+00 2.500000000000000000e+00
1.027568922305764354e-01 1.000000000000000000e+00 1.000000000000000000e+00 1.000000000000000000e+00 0.000000000000000000e+00 1.499999999999999778e+00 1.000000000000000000e+00 0.000000000000000000e+00 2.500000000000000000e+00
1.052631578947368363e-01 1.000000000000000000e+00 1.000000000000000000e+00 1.000000000000000000e+00 0.000000000000000000e+00 1.499999999999999778e+00 1.000000000000000000e+00 0.000000000000000000e+00 2.500000000000000000e+00
1.077694235588972371e-01 1.000000000000000000e+00 1.000000000000000000e+00 1.000000000000000000e+00 0.000000000000000000e+00 1.499999999999999778e+00 1.000000000000000000e+00 0.000000000000000000e+00 2.500000000000000000e+00
1.102756892230576380e-01 1.000000000000000000e+00 1.000000000000000000e+00 1.000000000000000000e+00 0.000000000000000000e+00 1.499999999999999778e+00 1.000000000000000000e+00 0.000000000000000000e+00 2.500000000000000000e+00
1.127819548872180389e-01 1.000000000000000000e+00 1.000000000000000000e+00 1.000000000000000000e+00 0.000000000000000000e+00 1.499999999999999778e+00 1.000000000000000000e+00 0.000000000000000000e+00 2.500000000000000000e+00
1.152882205513784397e-01 1.000000000000000000e+00 1.000000000000000000e+00 1.000000000000000000e+00 0.000000000000000000e+00 1.499999999999999778e+00 1.000000000000000000e+00 0.000000000000000000e+00 2.500000000000000000e+00
1.177944862155388406e-01 1.000000000000000000e+00 1.000000000000000000e+00 1.000000000000000000e+00 0.000000000000000000e+00 1.499999999999999778e+00 1.000000000000000000e+00 0.000000000000000000e+00 2.500000000000000000e+00
1.203007518796992414e-01 1.000000000000000000e+00 1.000000000000000000e+00 1.000000000000000000e+00 0.000000000000000000e+00 1.499999999999999778e+00 1.000000000000000000e+00 0.000000000000000000e+00 2.500000000000000000e+00
1.228070175438596423e-01 1.000000000000000000e+00 1.000000000000000000e+00 1.000000000000000000e+00 0.000000000000000000e+00 1.499999999999999778e+00 1.000000000000000000e+00 0.000000000000000000e+00 2.500000000000000000e+00
1.253132832080200432e-01 1.000000000000000000e+00 1.000000000000000000e+00 1.000000000000000000e+00 0.000000000000000000e+00 1.499999999999999778e+00 1.000000000000000000e+00 0.000000000000000000e+00 2.500000000000000000e+00
1.278195488721804440e-01 1.000000000000000000e+00 1.000000000000000000e+00 1.000000000000000000e+00 0.000000000000000000e+00 1.499999999999999778e+00 1.000000000000000000e+00 0.000000000000000000e+00 2.500000000000000000e+00
1.303258145363408449e-01 1.000000000000000000e+00 1.000000000000000000e+00 1.000000000000000000e+00 0.000000000000000000e+00 1.499999999999999778e+00 1.000000000000000000e+00 0.000000000000000000e+00 2.500000000000000000e+00
1.328320802005012458e-01 1.000000000000000000e+00 1.000000000000000000e+00 1.000000000000000000e+00 0.000000000000000000e+00 1.499999999999999778e+00 1.000000000000000000e+00 0.000000000000000000e+00 2.500000000000000000e+00
1.353383458646616466e-01 1.000000000000000000e+00 1.000000000000000000e+00 1.000000000000000000e+00 0.000000000000000000e+00 1.499999999999999778e+00 1.000000000000000000e+00 0.000000000000000000e+00 2.500000000000000000e+00
1.378446115288220475e-01 1.000000000000000000e+00 1.000000000000000000e+00 1.000000000000000000e+00 0.000000000000000000e+00 1.499999999999999778e+00 1.000000000000000000e+00 0.000000000000000000e+00 2.500000000000000000e+00
1.403508771929824483e-01 1.000000000000000000e+00 1.000000000000000000e+00 1.000000000000000000e+00 0.000000000000000000e+00 1.499999999999999778e+00 1.000000000000000000e+00 0.000000000000000000e+00 2.500000000000000000e+00
1.428571428571428492e-01 1.000000000000000000e+00 1.000000000000000000e+00 1.000000000000000000e+00 0.000000000000000000e+00 1.499999999999999778e+00 1.000000000000000000e+00 0.000000000000000000e+00 2.500000000000000000e+00
1.453634085213032501e-01 1.000000000000000000e+00 1.000000000000000000e+00 1.000000000000000000e+00 0.000000000000000000e+00 1.499999999999999778e+00 1.000000000000000000e+00 0.000000000000000000e+00 2.500000000000000000e+00
1.478696741854636509e-01 1.000000000000000000e+00 1.000000000000000000e+00 1.000000000000000000e+00 0.000000000000000000e+00 1.499999999999999778e+00 1.000000000000000000e+00 0.000000000000000000e+00 2.500000000000000000e+00
1.503759398496240518e-01 1.000000000000000000e+00 1.000000000000000000e+00 1.000000000000000000e+00 0.000000000000000000e+00 1.499999999999999778e+00 1.000000000000000000e+00 0.000000000000000000e+00 2.500000000000000000e+00
1.528822055137844527e-01 1.000000000000000000e+00 1.000000000000000000e+00 1.000000000000000000e+00 0.000000000000000000e+00 1.499999999999999778e+00 1.000000000000000000e+00 0.000000000000000000e+00 2.500000000000000000e+00
1.553884711779448535e-01 1.000000000000000000e+00 1.000000000000000000e+00 1.000000000000000000e+00 0.000000000000000000e+00 1.499999999999999778e+00 1.000000000000000000e+00 0.000000000000000000e+00 2.500000000000000000e+00
1.578947368421052544e-01 1.000000000000000000e+00 1.000000000000000000e+00 1.000000000000000000e+00 0.000000000000000000e+00 1.499999999999999778e+00 1.000000000000000000e+00 0.000000000000000000e+00 2.500000000000000000e+00
1.604010025062656553e-01 1.000000000000000000e+00 1.000000000000000000e+00 1.000000000000000000e+00 0.000000000000000000e+00 1.499999999999999778e+00 1.000000000000000000e+00 0.000000000000000000e+00 2.500000000000000000e+00
1.629072681704260561e-01 1.000000000000000000e+00 1.000000000000000000e+00 1.000000000000000000e+00 0.000000000000000000e+00 1.499999999999999778e+00 1.000000000000000000e+00 0.000000000000000000e+00 2.500000000000000000e+00
1.654135338345864570e-01 1.000000000000000000e+00 1.000000000000000000e+00 1.000000000000000000e+00 0.000000000000000000e+00 1.499999999999999778e+00 1.000000000000000000e+00 0.000000000000000000e+00 2.500000000000000000e+00
1.679197994987468578e-01 1.000000000000000000e+00 1.000000000000000000e+00 1.000000000000000000e+00 0.000000000000000000e+00 1.499999999999999778e+00 1.000000000000000000e+00 0.000000000000000000e+00 2.500000000000000000e+00
1.704260651629072587e-01 1.000000000000000000e+00 1.000000000000000000e+00 1.000000000000000000e+00 0.000000000000000000e+00 1.499999999999999778e+00 1.000000000000000000e+00 0.000000000000000000e+00 2.500000000000000000e+00
1.729323308270676596e-01 1.000000000000000000e+00 1.000000000000000000e+00 1.000000000000000000e+00 0.000000000000000000e+00 1.499999999999999778e+00 1.000000000000000000e+00 0.000000000000000000e+00 2.500000000000000000e+00
1.754385964912280604e-01 1.000000000000000000e+00 1.000000000000000000e+00 1.000000000000000000e+00 0.000000000000000000e+00 1.499999999999999778e+00 1.000000000000000000e+00 0.000000000000000000e+00 2.500000000000000000e+00
1.779448621553884613e-01 1.000000000000000000e+00 1.000000000000000000e+00 1.000000000000000000e+00 0.000000000000000000e+00 1.499999999999999778e+00 1.000000000000000000e+00 0.000000000000000000e+00 2.500000000000000000e+00
1.804511278195488622e-01 1.000000000000000000e+00 1.000000000000000000e+00 1.000000000000000000e+00 0.000000000000000000e+00 1.499999999999999778e+00 1.000000000000000000e+00 0.000000000000000000e+00 2.500000000000000000e+00
1.829573934837092630e-01 1.000000000000000000e+00 1.000000000000000000e+00 1.000000000000000000e+00 0.000000000000000000e+00 1.499999999999999778e+00 1.000000000000000000e+00 0.000000000000000000e+00 2.500000000000000000e+00
1.854636591478696639e-01 1.000000000000000000e+00 1.000000000000000000e+00 1.000000000000000000e+00 0.000000000000000000e+00 1.499999999999999778e+00 1.000000000000000000e+00 0.000000000000000000e+00 2.500000000000000000e+00
1.879699248120300648e-01 1.000000000000000000e+00 1.000000000000000000e+00 1.000000000000000000e+00 0.000000000000000000e+00 1.499999999999999778e+00 1.000000000000000000e+00 0.000000000000000000e+00 2.500000000000000000e+00
1.904761904761904656e-01 1.000000000000000000e+00 1.000000000000000000e+00 1.000000000000000000e+00 0.000000000000000000e+00 1.499999999999999778e+00 1.000000000000000000e+00 0.000000000000000000e+00 2.500000000000000000e+00
1.929824561403508665e-01 1.000000000000000000e+00 1.000000000000000000e+00 1.000000000000000000e+00 0.000000000000000000e+00 1.499999999999999778e+00 1.000000000000000000e+00 0.000000000000000000e+00 2.500000000000000000e+00
1.954887218045112673e-01 1.000000000000000000e+00 1.000000000000000000e+00 1.000000000000000000e+00 0.000000000000000000e+00 1.499999999999999778e+00 1.000000000000000000e+00 0.000000000000000000e+00 2.500000000000000000e+00
1.979949874686716682e-01 1.000000000000000000e+00 1.000000000000000000e+00 1.000000000000000000e+00 0.000000000000000000e+00 1.499999999999999778e+00 1.000000000000000000e+00 0.000000000000000000e+00 2.500000000000000000e+00
2.005012531328320691e-01 1.000000000000000000e+00 1.000000000000000000e+00 1.000000000000000000e+00 0.000000000000000000e+00 1.499999999999999778e+00 1.000000000000000000e+00 0.000000000000000000e+00 2.500000000000000000e+00
2.030075187969924699e-01 1.000000000000000000e+00 1.000000000000000000e+00 1.000000000000000000e+00 0.000000000000000000e+00 1.499999999999999778e+00 1.000000000000000000e+00 0.000000000000000000e+00 2.500000000000000000e+00
2.055137844611528708e-01 1.000000000000000000e+00 1.000000000000000000e+00 1.000000000000000000e+00 0.000000000000000000e+00 1.499999999999999778e+00 1.000000000000000000e+00 0.000000000000000000e+00 2.500000000000000000e+00
2.080200501253132717e-01 1.000000000000000000e+00 1.000000000000000000e+00 1.000000000000000000e+00 0.000000000000000000e+00 1.499999999999999778e+00 1.000000000000000000e+00 0.000000000000000000e+00 2.500000000000000000e+00
2.105263157894736725e-01 1.000000000000000000e+00 1.000000000000000000e+00 1.000000000000000000e+00 0.000000000000000000e+00 1.499999999999999778e+00 1.000000000000000000e+00 0.000000000000000000e+00 2.500000000000000000e+00
2.130325814536340734e-01 1.000000000000000000e+00 1.000000000000000000e+00 1.000000000000000000e+00 0.000000000000000000e+00 1.499999999999999778e+00 1.000000000000000000e+00 0.000000000000000000e+00 2.500000000000000000e+00
2.155388471177944743e-01 1.000000000000000000e+00 1.000000000000000000e+00 1.000000000000000000e+00 0.000000000000000000e+00 1.499999999999999778e+00 1.000000000000000000e+00 0.000000000000000000e+00 2.500000000000000000e+00
2.180451127819548751e-01 1.000000000000000000e+00 1.000000000000000000e+00 1.000000000000000000e+00 0.000000000000000000e+00 1.499999999999999778e+00 1.000000000000000000e+00 0.000000000000000000e+00 2.500000000000000000e+00
2.205513784461152760e-01 1.000000000000000000e+00 1.000000000000000000e+00 1.000000000000000000e+00 0.000000000000000000e+00 1.499999999999999778e+00 1.000000000000000000e+00 0.000000000000000000e+00 2.500000000000000000e+00
2.230576441102756768e-01 1.000000000000000000e+00 1.000000000000000000e+00 1.000000000000000000e+00 0.000000000000000000e+00 1.499999999999999778e+00 1.000000000000000000e+00 0.000000000000000000e+00 2.500000000000000000e+00
2.255639097744360777e-01 1.000000000000000000e+00 1.000000000000000000e+00 1.000000000000000000e+00 0.000000000000000000e+00 1.499999999999999778e+00 1.000000000000000000e+00 0.000000000000000000e+00 2.500000000000000000e+00
2.280701754385964786e-01 1.000000000000000000e+00 1.000000000000000000e+00 1.000000000000000000e+00 0.000000000000000000e+00 1.499999999999999778e+00 1.000000000000000000e+00 0.000000000000000000e+00 2.500000000000000000e+00
2.305764411027568794e-01 1.000000000000000000e+00 1.000000000000000000e+00 1.000000000000000000e+00 0.000000000000000000e+00 1.499999999999999778e+00 1.000000000000000000e+00 0.000000000000000000e+00 2.500000000000000000e+00
2.330827067669172803e-01 1.000000000000000000e+00 1.000000000000000000e+00 1.000000000000000000e+00 0.000000000000000000e+00 1.499999999999999778e+00 1.000000000000000000e+00 0.000000000000000000e+00 2.500000000000000000e+00
2.355889724310776812e-01 1.000000000000000000e+00 1.000000000000000000e+00 1.000000000000000000e+00 0.000000000000000000e+00 1.499999999999999778e+00 1.000000000000000000e+00 0.000000000000000000e+00 2.500000000000000000e+00
2.380952380952380820e-01 1.000000000000000000e+00 1.000000000000000000e+00 1.000000000000000000e+00 0.000000000000000000e+00 1.499999999999999778e+00 1.000000000000000000e+00 0.000000000000000000e+00 2.500000000000000000e+00
2.406015037593984829e-01 1.000000000000000000e+00 1.000000000000000000e+00 1.000000000000000000e+00 0.000000000000000000e+00 1.499999999999999778e+00 1.000000000000000000e+00 0.000000000000000000e+00 2.500000000000000000e+00
2.431077694235588837e-01 1.000000000000000000e+00 1.000000000000000000e+00 1.000000000000000000e+00 0.000000000000000000e+00 1.499999999999999778e+00 1.000000000000000000e+00 0.000000000000000000e+00 2.500000000000000000e+00
2.456140350877192846e-01 1.000000000000000000e+00 1.000000000000000000e+00 1.000000000000000000e+00 0.000000000000000000e+00 1.499999999999999778e+00 1.000000000000000000e+00 0.000000000000000000e+00 2.500000000000000000e+00
2.481203007518796855e-01 1.000000000000000000e+00 1.000000000000000000e+00 1.000000000000000000e+00 0.000000000000000000e+00 1.499999999999999778e+00 1.000000000000000000e+00 0.000000000000000000e+00 2.500000000000000000e+00
2.506265664160400863e-01 1.000000000000000000e+00 1.000000000000000000e+00 1.000000000000000000e+00 0.000000000000000000e+00 1.499999999999999778e+00 1.000000000000000000e+00 0.000000000000000000e+00 2.500000000000000000e+00
2.531328320802004872e-01 1.000000000000000000e+00 1.000000000000000000e+00 1.000000000000000000e+00 0.000000000000000000e+00 1.499999999999999778e+00 1.000000000000000000e+00 0.000000000000000000e+00 2.500000000000000000e+00
2.556390977443608881e-01 1.000000000000000000e+00 1.000000000000000000e+00 1.000000000000000000e+00 0.000000000000000000e+00 1.499999999999999778e+00 1.000000000000000000e+00 0.000000000000000000e+00 2.500000000000000000e+00
2.581453634085212889e-01 1.000000000000000000e+00 1.000000000000000000e+00 1.000000000000000000e+00 0.000000000000000000e+00 1.499999999999999778e+00 1.000000000000000000e+00 0.000000000000000000e+00 2.500000000000000000e+00
2.606516290726816898e-01 9.762337362271537033e-01 9.856716988596444518e-01 9.857205121330547826e-01 9.951801165331591870e-03 1.485637262422046856e+00 1.000049522851743422e+00 3.459479204563545990e-02 2.485858453163960924e+00
2.631578947368420907e-01 9.499703506909191741e-01 9.696746241242147901e-01 9.698929300046124080e-01 2.121589604645163218e-02 1.469519249638363778e+00 1.000225133127099042e+00 7.319431686719227170e-02 2.470516287204331363e+00
2.656641604010024915e-01 9.248402067185946818e-01 9.542013381409698569e-01 9.546984586373015169e-01 3.226682095417432450e-02 1.453844439980174874e+00 1.000520980715977837e+00 1.105092612360800974e-01 2.456132482570894560e+00
2.681704260651628924e-01 9.007715747730474787e-01 9.392231828695225548e-01 9.400972275510791620e-01 4.311163171353576268e-02 1.438590301861484733e+00 1.000930603819729203e+00 1.466145704067033650e-01 2.442643843687970939e+00
2.706766917293232932e-01 8.776986616162143484e-01 9.247136355803771135e-01 9.260526667147580548e-01 5.375705179216636043e-02 1.423735891596340064e+00 1.001448049518098182e+00 1.815793475901469611e-01 2.429992447254984533e+00
2.731829573934836941e-01 8.555610081859184035e-01 9.106481090937371681e-01 9.125311706626290098e-01 6.420949289773582314e-02 1.409261710932490752e+00 1.002067825705766690e+00 2.154674222542102835e-01 2.418125112065061977e+00
2.756892230576440950e-01 8.343029593437084612e-01 8.970037743451517720e-01 8.995018028691532663e-01 7.447507398339094087e-02 1.395149579977156495e+00 1.002784858431420956e+00 2.483378527712251371e-01 2.406992931277006420e+00
2.781954887218044958e-01 8.138731956765130615e-01 8.837594023920919417e-01 8.869360348585592080e-01 8.455963880921414655e-02 1.381382523580937827e+00 1.003594453940596321e+00 2.802453721472597525e-01 2.396550858733008216e+00
2.807017543859648967e-01 7.942243190386896190e-01 8.708952233971537504e-01 8.748075153758860800e-01 9.446877219162490291e-02 1.367944669521685697e+00 1.004492264825464831e+00 3.112407842579549833e-01 2.386757342183894348e+00
2.832080200501252976e-01 7.753124847703103395e-01 8.583928004766508968e-01 8.630918656513139053e-01 1.042078150585419860e-01 1.354821157061998349e+00 1.005474259770181789e+00 3.413713169249551482e-01 2.377573997341374312e+00
2.857142857142856984e-01 7.570970745695166926e-01 8.462349166002776091e-01 8.517664973773988457e-01 1.137818784157425545e-01 1.341998054649760519e+00 1.006536696452261959e+00 3.706809372533099722e-01 2.368965317561134043e+00
2.882205513784460993e-01 7.395404048689799836e-01 8.344054729780471247e-01 8.408104505104549986e-01 1.231958563189741035e-01 1.329462285696986656e+00 1.007676097221112510e+00 3.992106338827443035e-01 2.360898414702895742e+00
2.907268170426065002e-01 7.226074662989894204e-01 8.228893975827048513e-01 8.302042484198627337e-01 1.324544379367669500e-01 1.317201561513064556e+00 1.008889227226217544e+00 4.269986701586593880e-01 2.353342787338531750e+00
2.932330827067669010e-01 7.062656904370867572e-01 8.116725626359219126e-01 8.199297682565586110e-01 1.415621187804187997e-01 1.305204320588604583e+00 1.010173074711089525e+00 4.540808116815439610e-01 2.346270113007256519e+00
2.957393483709273019e-01 6.904847405660690107e-01 8.007417100399187859e-01 8.099701247054557074e-01 1.505232111701029496e-01 1.293459673528771336e+00 1.011524833226280728e+00 4.804905312291896657e-01 2.339654061664402374e+00
2.982456140350877027e-01 6.752363236048556372e-01 7.900843838672536590e-01 8.003095655353514859e-01 1.593418539993894101e-01 1.281957353023013724e+00 1.012941885546513765e+00 5.062591936510349999e-01 2.333470127850603149e+00
3.007518796992481036e-01 6.604940207531511120e-01 7.796888691337209298e-01 7.909333775712623638e-01 1.680220218545297739e-01 1.270687668313768004e+00 1.014421789104203553e+00 5.314162229967115403e-01 2.327695479432378978e+00
3.032581453634085045e-01 6.462331347120712222e-01 7.695441361758164067e-01 7.818278018944470054e-01 1.765675335395840428e-01 1.259641463692007246e+00 1.015962262775041314e+00 5.559892538522929195e-01 2.322308821042368354e+00
3.057644110275689053e-01 6.324305516175281472e-01 7.596397900372349188e-01 7.729799572293909460e-01 1.849820600537355197e-01 1.248810080603851347e+00 1.017561174871450813e+00 5.800042686099657896e-01 2.317290270584936085e+00
3.082706766917293062e-01 6.190646160589068359e-01 7.499660243406996996e-01 7.643777706091983148e-01 1.932691320629358611e-01 1.238185323001393501e+00 1.019216532217133597e+00 6.034857221837507391e-01 2.312621247377175226e+00
3.107769423558897071e-01 6.061150177580689746e-01 7.405135791834511760e-01 7.560099145242565877e-01 2.014321469042298918e-01 1.227759425613273558e+00 1.020926470190989477e+00 6.264566554999475567e-01 2.308284370671178642e+00
3.132832080200501079e-01 5.935626886584717266e-01 7.312737026486914038e-01 7.478657498569051265e-01 2.094743751577271274e-01 1.217525024847549320e+00 1.022689243641767609e+00 6.489387989319881367e-01 2.304263367455468448e+00
3.157894736842105088e-01 5.813897093250864900e-01 7.222381155721374624e-01 7.399352739892723907e-01 2.173989668181320056e-01 1.207475132071626822e+00 1.024503218586180209e+00 6.709526667114851239e-01 2.300542988564968194e+00
3.182957393483709096e-01 5.695792236865517832e-01 7.133989792437134270e-01 7.322090735445743181e-01 2.252089570950017716e-01 1.197603109042234326e+00 1.026366864613125429e+00 6.925176432274944283e-01 2.297108932243130841e+00
3.208020050125313105e-01 5.581153612644751405e-01 7.047488657601134188e-01 7.246782812856042977e-01 2.329072718684248589e-01 1.187902645283113623e+00 1.028278747925327696e+00 7.136520620216793009e-01 2.293947774399033079e+00
3.233082706766917114e-01 5.469831661335948780e-01 6.962807307752598707e-01 7.173345367493533242e-01 2.404967328245805613e-01 1.178367737229854217e+00 1.030237524957284823e+00 7.343732781960594647e-01 2.291046904888850655e+00
3.258145363408521122e-01 5.361685319425406604e-01 6.879878884230579139e-01 7.101699502447240686e-01 2.479800622936113030e-01 1.168992668980328498e+00 1.032241936515059688e+00 7.546977348703658439e-01 2.288394469226593841e+00
3.283208020050125131e-01 5.256581424002230163e-01 6.798639882110040222e-01 7.031770698823569532e-01 2.553598878104186287e-01 1.159771994506080484e+00 1.034290802389311814e+00 7.746410242563189774e-01 2.285979315195216355e+00
3.308270676691729140e-01 5.154394166986986381e-01 6.719029937044065370e-01 6.963488513422830817e-01 2.626387464173262631e-01 1.150700521194860659e+00 1.036383016398094936e+00 7.942179438548480075e-01 2.283790943887095359e+00
3.333333333333333148e-01 5.055004594011287544e-01 6.640991628397160396e-01 6.896786301173557510e-01 2.698190887260476511e-01 1.141773294607662415e+00 1.038517541820502821e+00 8.134425482283932363e-01 2.281819464753851889e+00
3.358395989974937157e-01 4.958300143742198629e-01 6.564470297220228456e-01 6.831600959987058630e-01 2.769032827550280684e-01 1.132985584345280516e+00 1.040693407186250585e+00 8.323281967529551073e-01 2.280055554290305597e+00
3.383458646616541166e-01 4.864174223892415716e-01 6.489413877764557137e-01 6.767872695943909500e-01 2.838936175569813924e-01 1.124332870929786399e+00 1.042909702389836601e+00 8.508875977126135748e-01 2.278490418016880348e+00
3.408521303258145174e-01 4.772525820550918008e-01 6.415772741361764897e-01 6.705544806943187774e-01 2.907923066503024789e-01 1.115810833615485054e+00 1.045165575101077771e+00 8.691328490621308411e-01 2.277115755459634627e+00
3.433583959899749183e-01 4.683259137817704643e-01 6.343499551612774567e-01 6.644563483139807047e-01 2.976014912670045254e-01 1.107415339052171044e+00 1.047460227446613379e+00 8.870754761504312524e-01 2.275923727858038426e+00
3.458646616541353191e-01 4.596283265034044607e-01 6.272549129931290768e-01 6.584877622666455155e-01 3.043232434288787314e-01 1.099142430730803532e+00 1.049792912939461642e+00 9.047264666685660428e-01 2.274906928357936842e+00
3.483709273182957200e-01 4.511511869172978306e-01 6.202878330578989186e-01 6.526438661288737064e-01 3.109595688627055932e-01 1.090988319148248786e+00 1.052162933635931275e+00 9.220963030598360310e-01 2.274058354471413246e+00
3.508771929824561209e-01 4.428862910197540192e-01 6.134445924411509043e-01 6.469200414777207531e-01 3.175124097645587451e-01 1.082949372633619900e+00 1.054569637501175272e+00 9.391949926067011400e-01 2.273371382606906188e+00
3.533834586466165217e-01 4.348258377409918163e-01 6.067212490627457155e-01 6.413118932899873892e-01 3.239836474225124552e-01 1.075022108783987296e+00 1.057012415966437358e+00 9.560320953885057538e-01 2.272839744492090031e+00
3.558897243107769226e-01 4.269624045006724655e-01 6.001140315877967479e-01 6.358152364045467353e-01 3.303751047063928636e-01 1.067203186461924469e+00 1.059490701662633816e+00 9.726167502856722935e-01 2.272457505329220417e+00
3.583959899749373235e-01 4.192889245227165995e-01 5.936193300153205232e-01 6.304260829583128167e-01 3.366885484326098688e-01 1.059489398311613151e+00 1.062003966316329873e+00 9.889576991895996372e-01 2.272219043537905048e+00
3.609022556390977243e-01 4.117986657633979641e-01 5.872336868914961316e-01 6.251406307149278696e-01 3.429256916115338560e-01 1.051877663754037462e+00 1.064551718795444080e+00 1.005063309562780338e+00 2.272119031953980794e+00
3.634085213032581252e-01 4.044852113203579180e-01 5.809537890991471887e-01 6.199552522128095600e-01 3.490881955843672113e-01 1.044365022425201905e+00 1.067133503293161700e+00 1.020941595480430619e+00 2.272152420365369796e+00
3.659147869674185261e-01 3.973424412025138297e-01 5.747764601793847739e-01 6.148664846660724104e-01 3.551776720559877143e-01 1.036948628024463526e+00 1.069748897639572371e+00 1.036600237273136216e+00 2.272314419276848074e+00
3.684210526315789269e-01 3.903645153517638633e-01 5.686986531451303506e-01 6.098710205578752319e-01 3.611956850297908805e-01 1.029625742542801037e+00 1.072397511731468356e+00 1.052046599879282285e+00 2.272600484805433751e+00
3.709273182957393278e-01 3.835458578173339128e-01 5.627174437497599602e-01 6.049656988712903694e-01 3.671437526501651338e-01 1.022393730843440096e+00 1.075078986071592579e+00 1.067287750006527869e+00 2.273006304617049889e+00
3.734335839598997286e-01 3.768811419924451567e-01 5.568300241772026205e-01 6.001474969076672217e-01 3.730233489578470563e-01 1.015250055569494103e+00 1.077792990409366825e+00 1.082330472192862825e+00 2.273527784823010212e+00
3.759398496240601295e-01 3.703652768310070065e-01 5.510336971226852398e-01 5.954135226469287057e-01 3.788359055630660110e-01 1.008192272355387553e+00 1.080539222475830785e+00 1.097181283850030109e+00 2.274161037762115534e+00
3.784461152882205304e-01 3.639933939692511222e-01 5.453258702358830812e-01 5.907610076082359107e-01 3.845828132410654687e-01 1.001218025320724569e+00 1.083317406806135308e+00 1.111846449365037293e+00 2.274902370600639934e+00
3.809523809523809312e-01 3.577608356837049253e-01 5.397040509005437414e-01 5.861873001730417698e-01 3.902654234542869971e-01 9.943250428269422292e-01 1.086127293643500691e+00 1.126331993329071413e+00 2.275748274688270900e+00
3.834586466165413321e-01 3.516631436228123131e-01 5.341658413267909022e-01 5.816898593358400538e-01 3.958850498052368660e-01 9.875111334786920159e-01 1.088968657919058058e+00 1.140643712957404077e+00 2.276695415613469109e+00
3.859649122807017330e-01 3.456960482548046554e-01 5.287089339342140315e-01 5.772662488508437661e-01 4.014429694237923174e-01 9.807741823532872827e-01 1.091841298302463681e+00 1.154787189758590626e+00 2.277740623906405304e+00
3.884711779448621338e-01 3.398554589792512903e-01 5.233311070056068104e-01 5.729141317455005433e-01 4.069404242924741233e-01 9.741121474428524607e-01 1.094745036318589326e+00 1.168767800506534282e+00 2.278880886342035339e+00
3.909774436090225347e-01 3.341374548540814171e-01 5.180302205928032366e-01 5.686312651741735058e-01 4.123786225129894012e-01 9.675230562950001278e-01 1.097679715525988753e+00 1.182590727564667432e+00 2.280113337799794415e+00
3.934837092731829356e-01 3.285382758938382164e-01 5.128042126575164117e-01 5.644154955875103630e-01 4.177587395171475371e-01 9.610050028389406362e-01 1.100645200753183506e+00 1.196260968607573361e+00 2.281435253639992666e+00
3.959899749373433364e-01 3.230543148985056678e-01 5.076510954313911972e-01 5.602647541950038779e-01 4.230819192250588889e-01 9.545561443848975536e-01 1.103641377389135148e+00 1.209783345781769714e+00 2.282844042560183695e+00
3.984962406015037373e-01 3.176821097755554435e-01 5.025689519807181593e-01 5.561770527000852171e-01 4.283492751533553022e-01 9.481746987856417563e-01 1.106668150724567257e+00 1.223162514344168006e+00 2.284337239897840544e+00
4.010025062656641381e-01 3.124183363208027919e-01 4.975559329623273630e-01 5.521504792887086399e-01 4.335618914760013265e-01 9.418589417497438276e-01 1.109725445341066763e+00 1.236402970813689439e+00 2.285912501348262627e+00
4.035087719298245390e-01 3.089099552440835450e-01 4.941959053279914027e-01 5.494546085576453853e-01 4.370650402691064196e-01 9.376138650088490234e-01 1.111815380568520695e+00 1.245302280772104808e+00 2.287025942325857653e+00
4.060150375939849399e-01 3.089099552440835450e-01 4.941959053279914027e-01 5.494546085576453853e-01 4.370650402691064196e-01 9.376138650088490234e-01 1.111815380568520695e+00 1.245302280772104808e+00 2.287025942325857653e+00
4.085213032581453407e-01 3.089099552440835450e-01 4.941959053279914027e-01 5.494546085576453853e-01 4.370650402691064196e-01 9.376138650088490234e-01 1.111815380568520695e+00 1.245302280772104808e+00 2.287025942325857653e+00
4.110275689223057416e-01 3.089099552440835450e-01 4.941959053279914027e-01 5.494546085576453853e-01 4.370650402691064196e-01 9.376138650088490234e-01 1.111815380568520695e+00 1.245302280772104808e+00 2.287025942325857653e+00
4.135338345864661425e-01 3.089099552440835450e-01 4.941959053279914027e-01 5.494546085576453853e-01 4.370650402691064196e-01 9.376138650088490234e-01 1.111815380568520695e+00 1.245302280772104808e+00 2.287025942325857653e+00
4.160401002506265433e-01 3.089099552440835450e-01 4.941959053279914027e-01 5.494546085576453853e-01 4.370650402691064196e-01 9.376138650088490234e-01 1.111815380568520695e+00 1.245302280772104808e+00 2.287025942325857653e+00
4.185463659147869442e-01 3.089099552440835450e-01 4.941959053279914027e-01 5.494546085576453853e-01 4.370650402691064196e-01 9.376138650088490234e-01 1.111815380568520695e+00 1.245302280772104808e+00 2.287025942325857653e+00
4.210526315789473450e-01 3.089099552440835450e-01 4.941959053279914027e-01 5.494546085576453853e-01 4.370650402691064196e-01 9.376138650088490234e-01 1.111815380568520695e+00 1.245302280772104808e+00 2.287025942325857653e+00
4.235588972431077459e-01 3.089099552440835450e-01 4.941959053279914027e-01 5.494546085576453853e-01 4.370650402691064196e-01 9.376138650088490234e-01 1.111815380568520695e+00 1.245302280772104808e+00 2.287025942325857653e+00
4.260651629072681468e-01 3.089099552440835450e-01 4.941959053279914027e-01 5.494546085576453853e-01 4.370650402691064196e-01 9.376138650088490234e-01 1.111815380568520695e+00 1.245302280772104808e+00 2.287025942325857653e+00
4.285714285714285476e-01 3.089099552440835450e-01 4.941959053279914027e-01 5.494546085576453853e-01 4.370650402691064196e-01 9.376138650088490234e-01 1.111815380568520695e+00 1.245302280772104808e+00 2.287025942325857653e+00
4.310776942355889485e-01 3.089099552440835450e-01 4.941959053279914027e-01 5.494546085576453853e-01 4.370650402691064196e-01 9.376138650088490234e-01 1.111815380568520695e+00 1.245302280772104808e+00 2.287025942325857653e+00
4.335839598997493494e-01 3.089099552440835450e-01 4.941959053279914027e-01 5.494546085576453853e-01 4.370650402691064196e-01 9.376138650088490234e-01 1.111815380568520695e+00 1.245302280772104808e+00 2.287025942325857653e+00
4.360902255639097502e-01 3.089099552440835450e-01 4.941959053279914027e-01 5.494546085576453853e-01 4.370650402691064196e-01 9.376138650088490234e-01 1.111815380568520695e+00 1.245302280772104808e+00 2.287025942325857653e+00
4.385964912280701511e-01 3.089099552440835450e-01 4.941959053279914027e-01 5.494546085576453853e-01 4.370650402691064196e-01 9.376138650088490234e-01 1.111815380568520695e+00 1.245302280772104808e+00 2.287025942325857653e+00
4.411027568922305520e-01 3.089099552440835450e-01 4.941959053279914027e-01 5.494546085576453853e-01 4.370650402691064196e-01 9.376138650088490234e-01 1.111815380568520695e+00 1.245302280772104808e+00 2.287025942325857653e+00
4.436090225563909528e-01 3.089099552440835450e-01 4.941959053279914027e-01 5.494546085576453853e-01 4.370650402691064196e-01 9.376138650088490234e-01 1.111815380568520695e+00 1.245302280772104808e+00 2.287025942325857653e+00
4.461152882205513537e-01 3.089099552440835450e-01 4.941959053279914027e-01 5.494546085576453853e-01 4.370650402691064196e-01 9.376138650088490234e-01 1.111815380568520695e+00 1.245302280772104808e+00 2.287025942325857653e+00
4.486215538847117545e-01 3.089099552440835450e-01 4.941959053279914027e-01 5.494546085576453853e-01 4.370650402691064196e-01 9.376138650088490234e-01 1.111815380568520695e+00 1.245302280772104808e+00 2.287025942325857653e+00
4.511278195488721554e-01 3.089099552440835450e-01 4.941959053279914027e-01 5.494546085576453853e-01 4.370650402691064196e-01 9.376138650088490234e-01 1.111815380568520695e+00 1.245302280772104808e+00 2.287025942325857653e+00
4.536340852130325563e-01 3.089099552440835450e-01 4.941959053279914027e-01 5.494546085576453853e-01 4.370650402691064196e-01 9.376138650088490234e-01 1.111815380568520695e+00 1.245302280772104808e+00 2.287025942325857653e+00
4.561403508771929571e-01 3.089099552440835450e-01 4.941959053279914027e-01 5.494546085576453853e-01 4.370650402691064196e-01 9.376138650088490234e-01 1.111815380568520695e+00 1.245302280772104808e+00 2.287025942325857653e+00
4.586466165413533580e-01 3.089099552440835450e-01 4.941959053279914027e-01 5.494546085576453853e-01 4.370650402691064196e-01 9.376138650088490234e-01 1.111815380568520695e+00 1.245302280772104808e+00 2.287025942325857653e+00
4.611528822055137589e-01 3.089099552440835450e-01 4.941959053279914027e-01 5.494546085576453853e-01 4.370650402691064196e-01 9.376138650088490234e-01 1.111815380568520695e+00 1.245302280772104808e+00 2.287025942325857653e+00
4.636591478696741597e-01 3.089099552440835450e-01 4.941959053279914027e-01 5.494546085576453853e-01 4.370650402691064196e-01 9.376138650088490234e-01 1.111815380568520695e+00 1.245302280772104808e+00 2.287025942325857653e+00
4.661654135338345606e-01 3.089099552440835450e-01 4.941959053279914027e-01 5.494546085576453853e-01 4.370650402691064196e-01 9.376138650088490234e-01 1.111815380568520695e+00 1.245302280772104808e+00 2.287025942325857653e+00
4.686716791979949615e-01 3.089099552440835450e-01 4.941959053279914027e-01 5.494546085576453853e-01 4.370650402691064196e-01 9.376138650088490234e-01 1.111815380568520695e+00 1.245302280772104808e+00 2.287025942325857653e+00
4.711779448621553623e-01 3.089099552440835450e-01 4.941959053279914027e-01 5.494546085576453853e-01 4.370650402691064196e-01 9.376138650088490234e-01 1.111815380568520695e+00 1.245302280772104808e+00 2.287025942325857653e+00
4.736842105263157632e-01 3.089099552440835450e-01 4.941959053279914027e-01 5.494546085576453853e-01 4.370650402691064196e-01 9.376138650088490234e-01 1.111815380568520695e+00 1.245302280772104808e+00 2.287025942325857653e+00
4.761904761904761640e-01 3.089099552440835450e-01 4.941959053279914027e-01 5.494546085576453853e-01 4.370650402691064196e-01 9.376138650088490234e-01 1.111815380568520695e+00 1.245302280772104808e+00 2.287025942325857653e+00
4.786967418546365649e-01 3.089099552440835450e-01 4.941959053279914027e-01 5.494546085576453853e-01 4.370650402691064196e-01 9.376138650088490234e-01 1.111815380568520695e+00 1.245302280772104808e+00 2.287025942325857653e+00
4.812030075187969658e-01 3.089099552440835450e-01 4.941959053279914027e-01 5.494546085576453853e-01 4.370650402691064196e-01 9.376138650088490234e-01 1.111815380568520695e+00 1.245302280772104808e+00 2.287025942325857653e+00
4.837092731829573666e-01 3.089099552440835450e-01 4.941959053279914027e-01 5.494546085576453853e-01 4.370650402691064196e-01 9.376138650088490234e-01 1.111815380568520695e+00 1.245302280772104808e+00 2.287025942325857653e+00
4.862155388471177675e-01 3.089099552440835450e-01 4.941959053279914027e-01 5.494546085576453853e-01 4.370650402691064196e-01 9.376138650088490234e-01 1.111815380568520695e+00 1.245302280772104808e+00 2.287025942325857653e+00
4.887218045112781684e-01 3.089099552440835450e-01 4.941959053279914027e-01 5.494546085576453853e-01 4.370650402691064196e-01 9.376138650088490234e-01 1.111815380568520695e+00 1.245302280772104808e+00 2.287025942325857653e+00
4.912280701754385692e-01 3.089099552440835450e-01 4.941959053279914027e-01 5.494546085576453853e-01 4.370650402691064196e-01 9.376138650088490234e-01 1.111815380568520695e+00 1.245302280772104808e+00 2.287025942325857653e+00
4.937343358395989701e-01 3.089099552440835450e-01 4.941959053279914027e-01 5.494546085576453853e-01 4.370650402691064196e-01 9.376138650088490234e-01 1.111815380568520695e+00 1.245302280772104808e+00 2.287025942325857653e+00
4.962406015037593709e-01 3.089099552440835450e-01 4.941959053279914027e-01 5.494546085576453853e-01 4.370650402691064196e-01 9.376138650088490234e-01 1.111815380568520695e+00 1.245302280772104808e+00 2.287025942325857653e+00
4.987468671679197718e-01 3.089099552440835450e-01 4.941959053279914027e-01 5.494546085576453853e-01 4.370650402691064196e-01 9.376138650088490234e-01 1.111815380568520695e+00 1.245302280772104808e+00 2.287025942325857653e+00
5.012531328320801727e-01 3.089099552440835450e-01 4.941959053279914027e-01 5.494546085576453853e-01 4.370650402691064196e-01 9.376138650088490234e-01 1.111815380568520695e+00 1.245302280772104808e+00 2.287025942325857653e+00
5.037593984962405180e-01 3.089099552440835450e-01 4.941959053279914027e-01 5.494546085576453853e-01 4.370650402691064196e-01 9.376138650088490234e-01 1.111815380568520695e+00 1.245302280772104808e+00 2.287025942325857653e+00
5.062656641604009744e-01 3.089099552440835450e-01 4.941959053279914027e-01 5.494546085576453853e-01 4.370650402691064196e-01 9.376138650088490234e-01 1.111815380568520695e+00 1.245302280772104808e+00 2.287025942325857653e+00
5.087719298245614308e-01 3.089099552440835450e-01 4.941959053279914027e-01 5.494546085576453853e-01 4.370650402691064196e-01 9.376138650088490234e-01 1.111815380568520695e+00 1.245302280772104808e+00 2.287025942325857653e+00
5.112781954887217761e-01 3.089099552440835450e-01 4.941959053279914027e-01 5.494546085576453853e-01 4.370650402691064196e-01 9.376138650088490234e-01 1.111815380568520695e+00 1.245302280772104808e+00 2.287025942325857653e+00
5.137844611528821215e-01 3.089099552440835450e-01 4.941959053279914027e-01 5.494546085576453853e-01 4.370650402691064196e-01 9.376138650088490234e-01 1.111815380568520695e+00 1.245302280772104808e+00 2.287025942325857653e+00
5.162907268170425779e-01 3.089099552440835450e-01 4.941959053279914027e-01 5.494546085576453853e-01 4.370650402691064196e-01 9.376138650088490234e-01 1.111815380568520695e+00 1.245302280772104808e+00 2.287025942325857653e+00
5.187969924812030342e-01 3.089099552440835450e-01 4.941959053279914027e-01 5.494546085576453853e-01 4.370650402691064196e-01 9.376138650088490234e-01 1.111815380568520695e+00 1.245302280772104808e+00 2.287025942325857653e+00
5.213032581453633796e-01 3.089099552440835450e-01 4.941959053279914027e-01 5.494546085576453853e-01 4.370650402691064196e-01 9.376138650088490234e-01 1.111815380568520695e+00 1.245302280772104808e+00 2.287025942325857653e+00
5.238095238095237249e-01 3.089099552440835450e-01 4.941959053279914027e-01 5.494546085576453853e-01 4.370650402691064196e-01 9.376138650088490234e-01 1.111815380568520695e+00 1.245302280772104808e+00 2.287025942325857653e+00
5.263157894736841813e-01 3.089099552440835450e-01 4.941959053279914027e-01 5.494546085576453853e-01 4.370650402691064196e-01 9.376138650088490234e-01 1.111815380568520695e+00 1.245302280772104808e+00 2.287025942325857653e+00
5.288220551378446377e-01 3.089099552440835450e-01 4.941959053279914027e-01 5.494546085576453853e-01 4.370650402691064196e-01 9.376138650088490234e-01 1.111815380568520695e+00 1.245302280772104808e+00 2.287025942325857653e+00
5.313283208020049830e-01 3.089099552440835450e-01 4.941959053279914027e-01 5.494546085576453853e-01 4.370650402691064196e-01 9.376138650088490234e-01 1.111815380568520695e+00 1.245302280772104808e+00 2.287025942325857653e+00
5.338345864661653284e-01 3.089099552440835450e-01 4.941959053279914027e-01 5.494546085576453853e-01 4.370650402691064196e-01 9.376138650088490234e-01 1.111815380568520695e+00 1.245302280772104808e+00 2.287025942325857653e+00
5.363408521303257848e-01 3.089099552440835450e-01 4.941959053279914027e-01 5.494546085576453853e-01 4.370650402691064196e-01 9.376138650088490234e-01 1.111815380568520695e+00 1.245302280772104808e+00 2.287025942325857653e+00
5.388471177944862411e-01 3.089099552440835450e-01 4.941959053279914027e-01 5.494546085576453853e-01 4.370650402691064196e-01 9.376138650088490234e-01 1.111815380568520695e+00 1.245302280772104808e+00 2.287025942325857653e+00
5.413533834586465865e-01 3.089099552440835450e-01 4.941959053279914027e-01 5.494546085576453853e-01 4.370650402691064196e-01 9.376138650088490234e-01 1.111815380568520695e+00 1.245302280772104808e+00 2.287025942325857653e+00
5.438596491228069318e-01 3.089099552440835450e-01 4.941959053279914027e-01 5.494546085576453853e-01 4.370650402691064196e-01 9.376138650088490234e-01 1.111815380568520695e+00 1.245302280772104808e+00 2.287025942325857653e+00
5.463659147869673882e-01 3.089099552440835450e-01 4.941959053279914027e-01 5.494546085576453853e-01 4.370650402691064196e-01 9.376138650088490234e-01 1.111815380568520695e+00 1.245302280772104808e+00 2.287025942325857653e+00
5.488721804511278446e-01 3.089099552440835450e-01 4.941959053279914027e-01 5.494546085576453853e-01 4.370650402691064196e-01 9.376138650088490234e-01 1.111815380568520695e+00 1.245302280772104808e+00 2.287025942325857653e+00
5.513784461152881899e-01 3.089099552440835450e-01 4.941959053279914027e-01 5.494546085576453853e-01 4.370650402691064196e-01 9.376138650088490234e-01 1.111815380568520695e+00 1.245302280772104808e+00 2.287025942325857653e+00
5.538847117794485353e-01 3.089099552440835450e-01 4.941959053279914027e-01 5.494546085576453853e-01 4.370650402691064196e-01 9.376138650088490234e-01 1.111815380568520695e+00 1.245302280772104808e+00 2.287025942325857653e+00
5.563909774436089917e-01 3.089099552440835450e-01 4.941959053279914027e-01 5.494546085576453853e-01 4.370650402691064196e-01 9.376138650088490234e-01 1.111815380568520695e+00 1.245302280772104808e+00 2.287025942325857653e+00
5.588972431077694480e-01 3.089099552440835450e-01 4.941959053279914027e-01 5.494546085576453853e-01 4.370650402691064196e-01 9.376138650088490234e-01 1.111815380568520695e+00 1.245302280772104808e+00 2.287025942325857653e+00
5.614035087719297934e-01 3.089099552440835450e-01 4.941959053279914027e-01 5.494546085576453853e-01 4.370650402691064196e-01 9.376138650088490234e-01 1.111815380568520695e+00 1.245302280772104808e+00 2.287025942325857653e+00
5.639097744360901387e-01 3.089099552440835450e-01 4.941959053279914027e-01 5.494546085576453853e-01 4.370650402691064196e-01 9.376138650088490234e-01 1.111815380568520695e+00 1.245302280772104808e+00 2.287025942325857653e+00
5.664160401002505951e-01 3.089099552440835450e-01 4.941959053279914027e-01 5.494546085576453853e-01 4.370650402691064196e-01 9.376138650088490234e-01 1.111815380568520695e+00 1.245302280772104808e+00 2.287025942325857653e+00
5.689223057644110515e-01 3.089099552440835450e-01 4.941959053279914027e-01 5.494546085576453853e-01 4.370650402691064196e-01 9.376138650088490234e-01 1.111815380568520695e+00 1.245302280772104808e+00 2.287025942325857653e+00
5.714285714285713969e-01 3.089099552440835450e-01 4.941959053279914027e-01 5.494546085576453853e-01 4.370650402691064196e-01 9.376138650088490234e-01 1.111815380568520695e+00 1.245302280772104808e+00 2.287025942325857653e+00
5.739348370927317422e-01 3.089099552440835450e-01 4.941959053279914027e-01 5.494546085576453853e-01 4.370650402691064196e-01 9.376138650088490234e-01 1.111815380568520695e+00 1.245302280772104808e+00 2.287025942325857653e+00
5.764411027568921986e-01 3.089099552440835450e-01 4.941959053279914027e-01 5.494546085576453853e-01 4.370650402691064196e-01 9.376138650088490234e-01 1.111815380568520695e+00 1.245302280772104808e+00 2.287025942325857653e+00
5.789473684210526550e-01 3.089099552440835450e-01 4.941959053279914027e-01 5.494546085576453853e-01 4.370650402691064196e-01 9.376138650088490234e-01 1.111815380568520695e+00 1.245302280772104808e+00 2.287025942325857653e+00
5.814536340852130003e-01 3.089099552440835450e-01 4.941959053279914027e-01 5.494546085576453853e-01 4.370650402691064196e-01 9.376138650088490234e-01 1.111815380568520695e+00 1.245302280772104808e+00 2.287025942325857653e+00
5.839598997493733457e-01 3.089099552440835450e-01 4.941959053279914027e-01 5.494546085576453853e-01 4.370650402691064196e-01 9.376138650088490234e-01 1.111815380568520695e+00 1.245302280772104808e+00 2.287025942325857653e+00
5.864661654135338020e-01 3.089099552440835450e-01 4.941959053279914027e-01 5.494546085576453853e-01 4.370650402691064196e-01 9.376138650088490234e-01 1.111815380568520695e+00 1.245302280772104808e+00 2.287025942325857653e+00
5.889724310776942584e-01 3.089099552440835450e-01 4.941959053279914027e-01 5.494546085576453853e-01 4.370650402691064196e-01 9.376138650088490234e-01 1.111815380568520695e+00 1.245302280772104808e+00 2.287025942325857653e+00
5.914786967418546038e-01 3.089099552440835450e-01 4.941959053279914027e-01 5.494546085576453853e-01 4.370650402691064196e-01 9.376138650088490234e-01 1.111815380568520695e+00 1.245302280772104808e+00 2.287025942325857653e+00
5.939849624060149491e-01 3.089099552440835450e-01 4.941959053279914027e-01 5.494546085576453853e-01 4.370650402691064196e-01 9.376138650088490234e-01 1.111815380568520695e+00 1.245302280772104808e+00 2.287025942325857653e+00
5.964912280701754055e-01 3.089099552440835450e-01 4.941959053279914027e-01 5.494546085576453853e-01 4.370650402691064196e-01 9.376138650088490234e-01 1.111815380568520695e+00 1.245302280772104808e+00 2.287025942325857653e+00
5.989974937343358619e-01 3.089099552440835450e-01 4.941959053279914027e-01 5.494546085576453853e-01 4.370650402691064196e-01 9.376138650088490234e-01 1.111815380568520695e+00 1.245302280772104808e+00 2.287025942325857653e+00
6.015037593984962072e-01 3.089099552440835450e-01 4.941959053279914027e-01 5.494546085576453853e-01 4.370650402691064196e-01 9.376138650088490234e-01 1.111815380568520695e+00 1.245302280772104808e+00 2.287025942325857653e+00
6.040100250626565526e-01 3.089099552440835450e-01 4.941959053279914027e-01 5.494546085576453853e-01 4.370650402691064196e-01 9.376138650088490234e-01 1.111815380568520695e+00 1.245302280772104808e+00 2.287025942325857653e+00
6.065162907268170089e-01 3.089099552440835450e-01 4.941959053279914027e-01 5.494546085576453853e-01 4.370650402691064196e-01 9.376138650088490234e-01 1.111815380568520695e+00 1.245302280772104808e+00 2.287025942325857653e+00
6.090225563909774653e-01 3.089099552440835450e-01 4.941959053279914027e-01 5.494546085576453853e-01 4.370650402691064196e-01 9.376138650088490234e-01 1.111815380568520695e+00 1.245302280772104808e+00 2.287025942325857653e+00
6.115288220551378107e-01 3.089099552440835450e-01 4.941959053279914027e-01 5.494546085576453853e-01 4.370650402691064196e-01 9.376138650088490234e-01 1.111815380568520695e+00 1.245302280772104808e+00 2.287025942325857653e+00
6.140350877192981560e-01 3.089099552440835450e-01 4.941959053279914027e-01 5.494546085576453853e-01 4.370650402691064196e-01 9.376138650088490234e-01 1.111815380568520695e+00 1.245302280772104808e+00 2.287025942325857653e+00
6.165413533834586124e-01 3.089099552440835450e-01 4.941959053279914027e-01 5.494546085576453853e-01 4.370650402691064196e-01 9.376138650088490234e-01 1.111815380568520695e+00 1.245302280772104808e+00 2.287025942325857653e+00
6.190476190476190688e-01 3.089099552440835450e-01 4.941959053279914027e-01 5.494546085576453853e-01 4.370650402691064196e-01 9.376138650088490234e-01 1.111815380568520695e+00 1.245302280772104808e+00 2.287025942325857653e+00
6.215538847117794141e-01 3.089099552440835450e-01 4.941959053279914027e-01 5.494546085576453853e-01 4.370650402691064196e-01 9.376138650088490234e-01 1.111815380568520695e+00 1.245302280772104808e+00 2.287025942325857653e+00
6.240601503759397595e-01 3.089099552440835450e-01 4.941959053279914027e-01 5.494546085576453853e-01 4.370650402691064196e-01 9.376138650088490234e-01 1.111815380568520695e+00 1.245302280772104808e+00 2.287025942325857653e+00
6.265664160401002158e-01 3.089099552440835450e-01 4.941959053279914027e-01 5.494546085576453853e-01 4.370650402691064196e-01 9.376138650088490234e-01 1.111815380568520695e+00 1.245302280772104808e+00 2.287025942325857653e+00
6.290726817042606722e-01 3.089099552440835450e-01 4.941959053279914027e-01 5.494546085576453853e-01 4.370650402691064196e-01 9.376138650088490234e-01 1.111815380568520695e+00 1.245302280772104808e+00 2.287025942325857653e+00
6.315789473684210176e-01 3.089099552440835450e-01 4.941959053279914027e-01 5.494546085576453853e-01 4.370650402691064196e-01 9.376138650088490234e-01 1.111815380568520695e+00 1.245302280772104808e+00 2.287025942325857653e+00
6.340852130325813629e-01 3.089099552440835450e-01 4.941959053279914027e-01 5.494546085576453853e-01 4.370650402691064196e-01 9.376138650088490234e-01 1.111815380568520695e+00 1.245302280772104808e+00 2.287025942325857653e+00
6.365914786967418193e-01 3.089099552440835450e-01 4.941959053279914027e-01 5.494546085576453853e-01 4.370650402691064196e-01 9.376138650088490234e-01 1.111815380568520695e+00 1.245302280772104808e+00 2.287025942325857653e+00
6.390977443609022757e-01 3.089099552440835450e-01 4.941959053279914027e-01 5.494546085576453853e-01 4.370650402691064196e-01 9.376138650088490234e-01 1.111815380568520695e+00 1.245302280772104808e+00 2.287025942325857653e+00
6.416040100250626210e-01 3.089099552440835450e-01 4.941959053279914027e-01 5.494546085576453853e-01 4.370650402691064196e-01 9.376138650088490234e-01 1.111815380568520695e+00 1.245302280772104808e+00 2.287025942325857653e+00
6.441102756892229664e-01 3.089099552440835450e-01 4.941959053279914027e-01 5.494546085576453853e-01 4.370650402691064196e-01 9.376138650088490234e-01 1.111815380568520695e+00 1.245302280772104808e+00 2.287025942325857653e+00
6.466165413533834228e-01 3.089099552440835450e-01 4.941959053279914027e-01 5.494546085576453853e-01 4.370650402691064196e-01 9.376138650088490234e-01 1.111815380568520695e+00 1.245302280772104808e+00 2.287025942325857653e+00
6.491228070175438791e-01 3.089099552440835450e-01 4.941959053279914027e-01 5.494546085576453853e-01 4.370650402691064196e-01 9.376138650088490234e-01 1.111815380568520695e+00 1.245302280772104808e+00 2.287025942325857653e+00
6.516290726817042245e-01 3.089099552440835450e-01 4.941959053279914027e-01 5.494546085576453853e-01 4.370650402691064196e-01 9.376138650088490234e-01 1.111815380568520695e+00 1.245302280772104808e+00 2.287025942325857653e+00
6.541353383458645698e-01 3.089099552440835450e-01 2.412236886159561944e-01 2.681962071606916465e-01 4.370650402691064196e-01 1.920893157403924745e+00 1.111815380568520695e+00 2.041653024818316897e+00 3.519473811011190723e+00
6.566416040100250262e-01 3.089099552440835450e-01 2.412236886159561944e-01 2.681962071606916465e-01 4.370650402691064196e-01 1.920893157403924745e+00 1.111815380568520695e+00 2.041653024818316897e+00 3.519473811011190723e+00
6.591478696741854826e-01 3.089099552440835450e-01 2.412236886159561944e-01 2.681962071606916465e-01 4.370650402691064196e-01 1.920893157403924745e+00 1.111815380568520695e+00 2.041653024818316897e+00 3.519473811011190723e+00
6.616541353383458279e-01 3.089099552440835450e-01 2.412236886159561944e-01 2.681962071606916465e-01 4.370650402691064196e-01 1.920893157403924745e+00 1.111815380568520695e+00 2.041653024818316897e+00 3.519473811011190723e+00
6.641604010025061733e-01 3.089099552440835450e-01 2.412236886159561944e-01 2.681962071606916465e-01 4.370650402691064196e-01 1.920893157403924745e+00 1.111815380568520695e+00 2.041653024818316897e+00 3.519473811011190723e+00
6.666666666666666297e-01 3.089099552440835450e-01 2.412236886159561944e-01 2.681962071606916465e-01 4.370650402691064196e-01 1.920893157403924745e+00 1.111815380568520695e+00 2.041653024818316897e+00 3.519473811011190723e+00
6.691729323308270860e-01 3.089099552440835450e-01 2.412236886159561944e-01 2.681962071606916465e-01 4.370650402691064196e-01 1.920893157403924745e+00 1.111815380568520695e+00 2.041653024818316897e+00 3.519473811011190723e+00
6.716791979949874314e-01 3.089099552440835450e-01 2.412236886159561944e-01 2.681962071606916465e-01 4.370650402691064196e-01 1.920893157403924745e+00 1.111815380568520695e+00 2.041653024818316897e+00 3.519473811011190723e+00
6.741854636591477767e-01 3.089099552440835450e-01 2.412236886159561944e-01 2.681962071606916465e-01 4.370650402691064196e-01 1.920893157403924745e+00 1.111815380568520695e+00 2.041653024818316897e+00 3.519473811011190723e+00
6.766917293233082331e-01 3.089099552440835450e-01 2.412236886159561944e-01 2.681962071606916465e-01 4.370650402691064196e-01 1.920893157403924745e+00 1.111815380568520695e+00 2.041653024818316897e+00 3.519473811011190723e+00
6.791979949874686895e-01 3.089099552440835450e-01 2.412236886159561944e-01 2.681962071606916465e-01 4.370650402691064196e-01 1.920893157403924745e+00 1.111815380568520695e+00 2.041653024818316897e+00 3.519473811011190723e+00
6.817042606516290348e-01 3.089099552440835450e-01 2.412236886159561944e-01 2.681962071606916465e-01 4.370650402691064196e-01 1.920893157403924745e+00 1.111815380568520695e+00 2.041653024818316897e+00 3.519473811011190723e+00
6.842105263157893802e-01 3.089099552440835450e-01 2.412236886159561944e-01 2.681962071606916465e-01 4.370650402691064196e-01 1.920893157403924745e+00 1.111815380568520695e+00 2.041653024818316897e+00 3.519473811011190723e+00
6.867167919799498366e-01 3.089099552440835450e-01 2.412236886159561944e-01 2.681962071606916465e-01 4.370650402691064196e-01 1.920893157403924745e+00 1.111815380568520695e+00 2.041653024818316897e+00 3.519473811011190723e+00
6.892230576441102929e-01 3.089099552440835450e-01 2.412236886159561944e-01 2.681962071606916465e-01 4.370650402691064196e-01 1.920893157403924745e+00 1.111815380568520695e+00 2.041653024818316897e+00 3.519473811011190723e+00
6.917293233082706383e-01 3.089099552440835450e-01 2.412236886159561944e-01 2.681962071606916465e-01 4.370650402691064196e-01 1.920893157403924745e+00 1.111815380568520695e+00 2.041653024818316897e+00 3.519473811011190723e+00
6.942355889724309836e-01 3.089099552440835450e-01 2.412236886159561944e-01 2.681962071606916465e-01 4.370650402691064196e-01 1.920893157403924745e+00 1.111815380568520695e+00 2.041653024818316897e+00 3.519473811011190723e+00
6.967418546365914400e-01 3.089099552440835450e-01 2.412236886159561944e-01 2.681962071606916465e-01 4.370650402691064196e-01 1.920893157403924745e+00 1.111815380568520695e+00 2.041653024818316897e+00 3.519473811011190723e+00
6.992481203007518964e-01 3.089099552440835450e-01 2.412236886159561944e-01 2.681962071606916465e-01 4.370650402691064196e-01 1.920893157403924745e+00 1.111815380568520695e+00 2.041653024818316897e+00 3.519473811011190723e+00
7.017543859649122417e-01 3.089099552440835450e-01 2.412236886159561944e-01 2.681962071606916465e-01 4.370650402691064196e-01 1.920893157403924745e+00 1.111815380568520695e+00 2.041653024818316897e+00 3.519473811011190723e+00
7.042606516290725871e-01 3.089099552440835450e-01 2.412236886159561944e-01 2.681962071606916465e-01 4.370650402691064196e-01 1.920893157403924745e+00 1.111815380568520695e+00 2.041653024818316897e+00 3.519473811011190723e+00
7.067669172932330435e-01 3.089099552440835450e-01 2.412236886159561944e-01 2.681962071606916465e-01 4.370650402691064196e-01 1.920893157403924745e+00 1.111815380568520695e+00 2.041653024818316897e+00 3.519473811011190723e+00
7.092731829573934998e-01 3.089099552440835450e-01 2.412236886159561944e-01 2.681962071606916465e-01 4.370650402691064196e-01 1.920893157403924745e+00 1.111815380568520695e+00 2.041653024818316897e+00 3.519473811011190723e+00
7.117794486215538452e-01 3.089099552440835450e-01 2.412236886159561944e-01 2.681962071606916465e-01 4.370650402691064196e-01 1.920893157403924745e+00 1.111815380568520695e+00 2.041653024818316897e+00 3.519473811011190723e+00
7.142857142857141906e-01 3.089099552440835450e-01 2.412236886159561944e-01 2.681962071606916465e-01 4.370650402691064196e-01 1.920893157403924745e+00 1.111815380568520695e+00 2.041653024818316897e+00 3.519473811011190723e+00
7.167919799498746469e-01 3.089099552440835450e-01 2.412236886159561944e-01 2.681962071606916465e-01 4.370650402691064196e-01 1.920893157403924745e+00 1.111815380568520695e+00 2.041653024818316897e+00 3.519473811011190723e+00
7.192982456140351033e-01 3.089099552440835450e-01 2.412236886159561944e-01 2.681962071606916465e-01 4.370650402691064196e-01 1.920893157403924745e+00 1.111815380568520695e+00 2.041653024818316897e+00 3.519473811011190723e+00
7.218045112781954487e-01 3.089099552440835450e-01 2.412236886159561944e-01 2.681962071606916465e-01 4.370650402691064196e-01 1.920893157403924745e+00 1.111815380568520695e+00 2.041653024818316897e+00 3.519473811011190723e+00
7.243107769423557940e-01 3.089099552440835450e-01 2.412236886159561944e-01 2.681962071606916465e-01 4.370650402691064196e-01 1.920893157403924745e+00 1.111815380568520695e+00 2.041653024818316897e+00 3.519473811011190723e+00
7.268170426065162504e-01 3.089099552440835450e-01 2.412236886159561944e-01 2.681962071606916465e-01 4.370650402691064196e-01 1.920893157403924745e+00 1.111815380568520695e+00 2.041653024818316897e+00 3.519473811011190723e+00
7.293233082706767068e-01 3.089099552440835450e-01 2.412236886159561944e-01 2.681962071606916465e-01 4.370650402691064196e-01 1.920893157403924745e+00 1.111815380568520695e+00 2.041653024818316897e+00 3.519473811011190723e+00
7.318295739348370521e-01 3.089099552440835450e-01 2.412236886159561944e-01 2.681962071606916465e-01 4.370650402691064196e-01 1.920893157403924745e+00 1.111815380568520695e+00 2.041653024818316897e+00 3.519473811011190723e+00
7.343358395989973975e-01 3.089099552440835450e-01 2.412236886159561944e-01 2.681962071606916465e-01 4.370650402691064196e-01 1.920893157403924745e+00 1.111815380568520695e+00 2.041653024818316897e+00 3.519473811011190723e+00
7.368421052631578538e-01 3.089099552440835450e-01 2.412236886159561944e-01 2.681962071606916465e-01 4.370650402691064196e-01 1.920893157403924745e+00 1.111815380568520695e+00 2.041653024818316897e+00 3.519473811011190723e+00
7.393483709273183102e-01 3.089099552440835450e-01 2.412236886159561944e-01 2.681962071606916465e-01 4.370650402691064196e-01 1.920893157403924745e+00 1.111815380568520695e+00 2.041653024818316897e+00 3.519473811011190723e+00
7.418546365914786556e-01 3.089099552440835450e-01 2.412236886159561944e-01 2.681962071606916465e-01 4.370650402691064196e-01 1.920893157403924745e+00 1.111815380568520695e+00 2.041653024818316897e+00 3.519473811011190723e+00
7.443609022556390009e-01 3.089099552440835450e-01 2.412236886159561944e-01 2.681962071606916465e-01 4.370650402691064196e-01 1.920893157403924745e+00 1.111815380568520695e+00 2.041653024818316897e+00 3.519473811011190723e+00
7.468671679197994573e-01 3.089099552440835450e-01 2.412236886159561944e-01 2.681962071606916465e-01 4.370650402691064196e-01 1.920893157403924745e+00 1.111815380568520695e+00 2.041653024818316897e+00 3.519473811011190723e+00
7.493734335839599137e-01 3.089099552440835450e-01 2.412236886159561944e-01 2.681962071606916465e-01 4.370650402691064196e-01 1.920893157403924745e+00 1.111815380568520695e+00 2.041653024818316897e+00 3.519473811011190723e+00
7.518796992481202590e-01 3.089099552440835450e-01 2.412236886159561944e-01 2.681962071606916465e-01 4.370650402691064196e-01 1.920893157403924745e+00 1.111815380568520695e+00 2.041653024818316897e+00 3.519473811011190723e+00
7.543859649122806044e-01 3.089099552440835450e-01 2.412236886159561944e-01 2.681962071606916465e-01 4.370650402691064196e-01 1.920893157403924745e+00 1.111815380568520695e+00 2.041653024818316897e+00 3.519473811011190723e+00
7.568922305764410607e-01 3.089099552440835450e-01 2.412236886159561944e-01 2.681962071606916465e-01 4.370650402691064196e-01 1.920893157403924745e+00 1.111815380568520695e+00 2.041653024818316897e+00 3.519473811011190723e+00
7.593984962406015171e-01 3.089099552440835450e-01 2.412236886159561944e-01 2.681962071606916465e-01 4.370650402691064196e-01 1.920893157403924745e+00 1.111815380568520695e+00 2.041653024818316897e+00 3.519473811011190723e+00
7.619047619047618625e-01 3.089099552440835450e-01 2.412236886159561944e-01 2.681962071606916465e-01 4.370650402691064196e-01 1.920893157403924745e+00 1.111815380568520695e+00 2.041653024818316897e+00 3.519473811011190723e+00
7.644110275689222078e-01 3.089099552440835450e-01 2.412236886159561944e-01 2.681962071606916465e-01 4.370650402691064196e-01 1.920893157403924745e+00 1.111815380568520695e+00 2.041653024818316897e+00 3.519473811011190723e+00
7.669172932330826642e-01 3.089099552440835450e-01 2.412236886159561944e-01 2.681962071606916465e-01 4.370650402691064196e-01 1.920893157403924745e+00 1.111815380568520695e+00 2.041653024818316897e+00 3.519473811011190723e+00
7.694235588972431206e-01 3.089099552440835450e-01 2.412236886159561944e-01 2.681962071606916465e-01 4.370650402691064196e-01 1.920893157403924745e+00 1.111815380568520695e+00 2.041653024818316897e+00 3.519473811011190723e+00
7.719298245614034659e-01 3.089099552440835450e-01 2.412236886159561944e-01 2.681962071606916465e-01 4.370650402691064196e-01 1.920893157403924745e+00 1.111815380568520695e+00 2.041653024818316897e+00 3.519473811011190723e+00
7.744360902255638113e-01 3.089099552440835450e-01 2.412236886159561944e-01 2.681962071606916465e-01 4.370650402691064196e-01 1.920893157403924745e+00 1.111815380568520695e+00 2.041653024818316897e+00 3.519473811011190723e+00
7.769423558897242676e-01 3.089099552440835450e-01 2.412236886159561944e-01 2.681962071606916465e-01 4.370650402691064196e-01 1.920893157403924745e+00 1.111815380568520695e+00 2.041653024818316897e+00 3.519473811011190723e+00
7.794486215538847240e-01 3.089099552440835450e-01 2.412236886159561944e-01 2.681962071606916465e-01 4.370650402691064196e-01 1.920893157403924745e+00 1.111815380568520695e+00 2.041653024818316897e+00 3.519473811011190723e+00
7.819548872180450694e-01 3.089099552440835450e-01 2.412236886159561944e-01 2.681962071606916465e-01 4.370650402691064196e-01 1.920893157403924745e+00 1.111815380568520695e+00 2.041653024818316897e+00 3.519473811011190723e+00
7.844611528822054147e-01 3.089099552440835450e-01 2.412236886159561944e-01 2.681962071606916465e-01 4.370650402691064196e-01 1.920893157403924745e+00 1.111815380568520695e+00 2.041653024818316897e+00 3.519473811011190723e+00
7.869674185463658711e-01 1.000000000000000056e-01 1.250000000000000000e-01 1.250000000000000000e-01 0.000000000000000000e+00 1.199999999999999956e+00 1.000000000000000000e+00 0.000000000000000000e+00 2.200000000000000178e+00
7.894736842105263275e-01 1.000000000000000056e-01 1.250000000000000000e-01 1.250000000000000000e-01 0.000000000000000000e+00 1.199999999999999956e+00 1.000000000000000000e+00 0.000000000000000000e+00 2.200000000000000178e+00
7.919799498746866728e-01 1.000000000000000056e-01 1.250000000000000000e-01 1.250000000000000000e-01 0.000000000000000000e+00 1.199999999999999956e+00 1.000000000000000000e+00 0.000000000000000000e+00 2.200000000000000178e+00
7.944862155388470182e-01 1.000000000000000056e-01 1.250000000000000000e-01 1.250000000000000000e-01 0.000000000000000000e+00 1.199999999999999956e+00 1.000000000000000000e+00 0.000000000000000000e+00 2.200000000000000178e+00
7.969924812030074746e-01 1.000000000000000056e-01 1.250000000000000000e-01 1.250000000000000000e-01 0.000000000000000000e+00 1.199999999999999956e+00 1.000000000000000000e+00 0.000000000000000000e+00 2.200000000000000178e+00
7.994987468671679309e-01 1.000000000000000056e-01 1.250000000000000000e-01 1.250000000000000000e-01 0.000000000000000000e+00 1.199999999999999956e+00 1.000000000000000000e+00 0.000000000000000000e+00 2.200000000000000178e+00
8.020050125313282763e-01 1.000000000000000056e-01 1.250000000000000000e-01 1.250000000000000000e-01 0.000000000000000000e+00 1.199999999999999956e+00 1.000000000000000000e+00 0.000000000000000000e+00 2.200000000000000178e+00
8.045112781954886216e-01 1.000000000000000056e-01 1.250000000000000000e-01 1.250000000000000000e-01 0.000000000000000000e+00 1.199999999999999956e+00 1.000000000000000000e+00 0.000000000000000000e+00 2.200000000000000178e+00
8.070175438596490780e-01 1.000000000000000056e-01 1.250000000000000000e-01 1.250000000000000000e-01 0.000000000000000000e+00 1.199999999999999956e+00 1.000000000000000000e+00 0.000000000000000000e+00 2.200000000000000178e+00
8.095238095238095344e-01 1.000000000000000056e-01 1.250000000000000000e-01 1.250000000000000000e-01 0.000000000000000000e+00 1.199999999999999956e+00 1.000000000000000000e+00 0.000000000000000000e+00 2.200000000000000178e+00
8.120300751879698797e-01 1.000000000000000056e-01 1.250000000000000000e-01 1.250000000000000000e-01 0.000000000000000000e+00 1.199999999999999956e+00 1.000000000000000000e+00 0.000000000000000000e+00 2.200000000000000178e+00
8.145363408521302251e-01 1.000000000000000056e-01 1.250000000000000000e-01 1.250000000000000000e-01 0.000000000000000000e+00 1.199999999999999956e+00 1.000000000000000000e+00 0.000000000000000000e+00 2.200000000000000178e+00
8.170426065162906815e-01 1.000000000000000056e-01 1.250000000000000000e-01 1.250000000000000000e-01 0.000000000000000000e+00 1.199999999999999956e+00 1.000000000000000000e+00 0.000000000000000000e+00 2.200000000000000178e+00
8.195488721804511378e-01 1.000000000000000056e-01 1.250000000000000000e-01 1.250000000000000000e-01 0.000000000000000000e+00 1.199999999999999956e+00 1.000000000000000000e+00 0.000000000000000000e+00 2.200000000000000178e+00
8.220551378446114832e-01 1.000000000000000056e-01 1.250000000000000000e-01 1.250000000000000000e-01 0.000000000000000000e+00 1.199999999999999956e+00 1.000000000000000000e+00 0.000000000000000000e+00 2.200000000000000178e+00
8.245614035087718285e-01 1.000000000000000056e-01 1.250000000000000000e-01 1.250000000000000000e-01 0.000000000000000000e+00 1.199999999999999956e+00 1.000000000000000000e+00 0.000000000000000000e+00 2.200000000000000178e+00
8.270676691729322849e-01 1.000000000000000056e-01 1.250000000000000000e-01 1.250000000000000000e-01 0.000000000000000000e+00 1.199999999999999956e+00 1.000000000000000000e+00 0.000000000000000000e+00 2.200000000000000178e+00
8.295739348370927413e-01 1.000000000000000056e-01 1.250000000000000000e-01 1.250000000000000000e-01 0.000000000000000000e+00 1.199999999999999956e+00 1.000000000000000000e+00 0.000000000000000000e+00 2.200000000000000178e+00
8.320802005012530866e-01 1.000000000000000056e-01 1.250000000000000000e-01 1.250000000000000000e-01 0.000000000000000000e+00 1.199999999999999956e+00 1.000000000000000000e+00 0.000000000000000000e+00 2.200000000000000178e+00
8.345864661654134320e-01 1.000000000000000056e-01 1.250000000000000000e-01 1.250000000000000000e-01 0.000000000000000000e+00 1.199999999999999956e+00 1.000000000000000000e+00 0.000000000000000000e+00 2.200000000000000178e+00
8.370927318295738884e-01 1.000000000000000056e-01 1.250000000000000000e-01 1.250000000000000000e-01 0.000000000000000000e+00 1.199999999999999956e+00 1.000000000000000000e+00 0.000000000000000000e+00 2.200000000000000178e+00
8.395989974937343447e-01 1.000000000000000056e-01 1.250000000000000000e-01 1.250000000000000000e-01 0.000000000000000000e+00 1.199999999999999956e+00 1.000000000000000000e+00 0.000000000000000000e+00 2.200000000000000178e+00
8.421052631578946901e-01 1.000000000000000056e-01 1.250000000000000000e-01 1.250000000000000000e-01 0.000000000000000000e+00 1.199999999999999956e+00 1.000000000000000000e+00 0.000000000000000000e+00 2.200000000000000178e+00
8.446115288220550354e-01 1.000000000000000056e-01 1.250000000000000000e-01 1.250000000000000000e-01 0.000000000000000000e+00 1.199999999999999956e+00 1.000000000000000000e+00 0.000000000000000000e+00 2.200000000000000178e+00
8.471177944862154918e-01 1.000000000000000056e-01 1.250000000000000000e-01 1.250000000000000000e-01 0.000000000000000000e+00 1.199999999999999956e+00 1.000000000000000000e+00 0.000000000000000000e+00 2.200000000000000178e+00
8.496240601503759482e-01 1.000000000000000056e-01 1.250000000000000000e-01 1.250000000000000000e-01 0.000000000000000000e+00 1.199999999999999956e+00 1.000000000000000000e+00 0.000000000000000000e+00 2.200000000000000178e+00
8.521303258145362935e-01 1.000000000000000056e-01 1.250000000000000000e-01 1.250000000000000000e-01 0.000000000000000000e+00 1.199999999999999956e+00 1.000000000000000000e+00 0.000000000000000000e+00 2.200000000000000178e+00
8.546365914786966389e-01 1.000000000000000056e-01 1.250000000000000000e-01 1.250000000000000000e-01 0.000000000000000000e+00 1.199999999999999956e+00 1.000000000000000000e+00 0.000000000000000000e+00 2.200000000000000178e+00
8.571428571428570953e-01 1.000000000000000056e-01 1.250000000000000000e-01 1.250000000000000000e-01 0.000000000000000000e+00 1.199999999999999956e+00 1.000000000000000000e+00 0.000000000000000000e+00 2.200000000000000178e+00
8.596491228070175517e-01 1.000000000000000056e-01 1.250000000000000000e-01 1.250000000000000000e-01 0.000000000000000000e+00 1.199999999999999956e+00 1.000000000000000000e+00 0.000000000000000000e+00 2.200000000000000178e+00
8.621553884711778970e-01 1.000000000000000056e-01 1.250000000000000000e-01 1.250000000000000000e-01 0.000000000000000000e+00 1.199999999999999956e+00 1.000000000000000000e+00 0.000000000000000000e+00 2.200000000000000178e+00
8.646616541353382424e-01 1.000000000000000056e-01 1.250000000000000000e-01 1.250000000000000000e-01 0.000000000000000000e+00 1.199999999999999956e+00 1.000000000000000000e+00 0.000000000000000000e+00 2.200000000000000178e+00
8.671679197994986987e-01 1.000000000000000056e-01 1.250000000000000000e-01 1.250000000000000000e-01 0.000000000000000000e+00 1.199999999999999956e+00 1.000000000000000000e+00 0.000000000000000000e+00 2.200000000000000178e+00
8.696741854636591551e-01 1.000000000000000056e-01 1.250000000000000000e-01 1.250000000000000000e-01 0.000000000000000000e+00 1.199999999999999956e+00 1.000000000000000000e+00 0.000000000000000000e+00 2.200000000000000178e+00
8.721804511278195005e-01 1.000000000000000056e-01 1.250000000000000000e-01 1.250000000000000000e-01 0.000000000000000000e+00 1.199999999999999956e+00 1.000000000000000000e+00 0.000000000000000000e+00 2.200000000000000178e+00
8.746867167919798458e-01 1.000000000000000056e-01 1.250000000000000000e-01 1.250000000000000000e-01 0.000000000000000000e+00 1.199999999999999956e+00 1.000000000000000000e+00 0.000000000000000000e+00 2.200000000000000178e+00
8.771929824561403022e-01 1.000000000000000056e-01 1.250000000000000000e-01 1.250000000000000000e-01 0.000000000000000000e+00 1.199999999999999956e+00 1.000000000000000000e+00 0.000000000000000000e+00 2.200000000000000178e+00
8.796992481203007586e-01 1.000000000000000056e-01 1.250000000000000000e-01 1.250000000000000000e-01 0.000000000000000000e+00 1.199999999999999956e+00 1.000000000000000000e+00 0.000000000000000000e+00 2.200000000000000178e+00
8.822055137844611039e-01 1.000000000000000056e-01 1.250000000000000000e-01 1.250000000000000000e-01 0.000000000000000000e+00 1.199999999999999956e+00 1.000000000000000000e+00 0.000000000000000000e+00 2.200000000000000178e+00
8.847117794486214493e-01 1.000000000000000056e-01 1.250000000000000000e-01 1.250000000000000000e-01 0.000000000000000000e+00 1.199999999999999956e+00 1.000000000000000000e+00 0.000000000000000000e+00 2.200000000000000178e+00
8.872180451127819056e-01 1.000000000000000056e-01 1.250000000000000000e-01 1.250000000000000000e-01 0.000000000000000000e+00 1.199999999999999956e+00 1.000000000000000000e+00 0.000000000000000000e+00 2.200000000000000178e+00
8.897243107769423620e-01 1.000000000000000056e-01 1.250000000000000000e-01 1.250000000000000000e-01 0.000000000000000000e+00 1.199999999999999956e+00 1.000000000000000000e+00 0.000000000000000000e+00 2.200000000000000178e+00
8.922305764411027074e-01 1.000000000000000056e-01 1.250000000000000000e-01 1.250000000000000000e-01 0.000000000000000000e+00 1.199999999999999956e+00 1.000000000000000000e+00 0.000000000000000000e+00 2.200000000000000178e+00
8.947368421052630527e-01 1.000000000000000056e-01 1.250000000000000000e-01 1.250000000000000000e-01 0.000000000000000000e+00 1.199999999999999956e+00 1.000000000000000000e+00 0.000000000000000000e+00 2.200000000000000178e+00
8.972431077694235091e-01 1.000000000000000056e-01 1.250000000000000000e-01 1.250000000000000000e-01 0.000000000000000000e+00 1.199999999999999956e+00 1.000000000000000000e+00 0.000000000000000000e+00 2.200000000000000178e+00
8.997493734335839655e-01 1.000000000000000056e-01 1.250000000000000000e-01 1.250000000000000000e-01 0.000000000000000000e+00 1.199999999999999956e+00 1.000000000000000000e+00 0.000000000000000000e+00 2.200000000000000178e+00
9.022556390977443108e-01 1.000000000000000056e-01 1.250000000000000000e-01 1.250000000000000000e-01 0.000000000000000000e+00 1.199999999999999956e+00 1.000000000000000000e+00 0.000000000000000000e+00 2.200000000000000178e+00
9.047619047619046562e-01 1.000000000000000056e-01 1.250000000000000000e-01 1.250000000000000000e-01 0.000000000000000000e+00 1.199999999999999956e+00 1.000000000000000000e+00 0.000000000000000000e+00 2.200000000000000178e+00
9.072681704260651125e-01 1.000000000000000056e-01 1.250000000000000000e-01 1.250000000000000000e-01 0.000000000000000000e+00 1.199999999999999956e+00 1.000000000000000000e+00 0.000000000000000000e+00 2.200000000000000178e+00
9.097744360902255689e-01 1.000000000000000056e-01 1.250000000000000000e-01 1.250000000000000000e-01 0.000000000000000000e+00 1.199999999999999956e+00 1.000000000000000000e+00 0.000000000000000000e+00 2.200000000000000178e+00
9.122807017543859143e-01 1.000000000000000056e-01 1.250000000000000000e-01 1.250000000000000000e-01 0.000000000000000000e+00 1.199999999999999956e+00 1.000000000000000000e+00 0.000000000000000000e+00 2.200000000000000178e+00
9.147869674185462596e-01 1.000000000000000056e-01 1.250000000000000000e-01 1.250000000000000000e-01 0.000000000000000000e+00 1.199999999999999956e+00 1.000000000000000000e+00 0.000000000000000000e+00 2.200000000000000178e+00
9.172932330827067160e-01 1.000000000000000056e-01 1.250000000000000000e-01 1.250000000000000000e-01 0.000000000000000000e+00 1.199999999999999956e+00 1.000000000000000000e+00 0.000000000000000000e+00 2.200000000000000178e+00
9.197994987468671724e-01 1.000000000000000056e-01 1.250000000000000000e-01 1.250000000000000000e-01 0.000000000000000000e+00 1.199999999999999956e+00 1.000000000000000000e+00 0.000000000000000000e+00 2.200000000000000178e+00
9.223057644110275177e-01 1.000000000000000056e-01 1.250000000000000000e-01 1.250000000000000000e-01 0.000000000000000000e+00 1.199999999999999956e+00 1.000000000000000000e+00 0.000000000000000000e+00 2.200000000000000178e+00
9.248120300751878631e-01 1.000000000000000056e-01 1.250000000000000000e-01 1.250000000000000000e-01 0.000000000000000000e+00 1.199999999999999956e+00 1.000000000000000000e+00 0.000000000000000000e+00 2.200000000000000178e+00
9.273182957393483195e-01 1.000000000000000056e-01 1.250000000000000000e-01 1.250000000000000000e-01 0.000000000000000000e+00 1.199999999999999956e+00 1.000000000000000000e+00 0.000000000000000000e+00 2.200000000000000178e+00
9.298245614035087758e-01 1.000000000000000056e-01 1.250000000000000000e-01 1.250000000000000000e-01 0.000000000000000000e+00 1.199999999999999956e+00 1.000000000000000000e+00 0.000000000000000000e+00 2.200000000000000178e+00
9.323308270676691212e-01 1.000000000000000056e-01 1.250000000000000000e-01 1.250000000000000000e-01 0.000000000000000000e+00 1.199999999999999956e+00 1.000000000000000000e+00 0.000000000000000000e+00 2.200000000000000178e+00
9.348370927318294665e-01 1.000000000000000056e-01 1.250000000000000000e-01 1.250000000000000000e-01 0.000000000000000000e+00 1.199999999999999956e+00 1.000000000000000000e+00 0.000000000000000000e+00 2.200000000000000178e+00
9.373433583959899229e-01 1.000000000000000056e-01 1.250000000000000000e-01 1.250000000000000000e-01 0.000000000000000000e+00 1.199999999999999956e+00 1.000000000000000000e+00 0.000000000000000000e+00 2.200000000000000178e+00
9.398496240601503793e-01 1.000000000000000056e-01 1.250000000000000000e-01 1.250000000000000000e-01 0.000000000000000000e+00 1.199999999999999956e+00 1.000000000000000000e+00 0.000000000000000000e+00 2.200000000000000178e+00
9.423558897243107246e-01 1.000000000000000056e-01 1.250000000000000000e-01 1.250000000000000000e-01 0.000000000000000000e+00 1.199999999999999956e+00 1.000000000000000000e+00 0.000000000000000000e+00 2.200000000000000178e+00
9.448621553884710700e-01 1.000000000000000056e-01 1.250000000000000000e-01 1.250000000000000000e-01 0.000000000000000000e+00 1.199999999999999956e+00 1.000000000000000000e+00 0.000000000000000000e+00 2.200000000000000178e+00
9.473684210526315264e-01 1.000000000000000056e-01 1.250000000000000000e-01 1.250000000000000000e-01 0.000000000000000000e+00 1.199999999999999956e+00 1.000000000000000000e+00 0.000000000000000000e+00 2.200000000000000178e+00
9.498746867167919827e-01 1.000000000000000056e-01 1.250000000000000000e-01 1.250000000000000000e-01 0.000000000000000000e+00 1.199999999999999956e+00 1.000000000000000000e+00 0.000000000000000000e+00 2.200000000000000178e+00
9.523809523809523281e-01 1.000000000000000056e-01 1.250000000000000000e-01 1.250000000000000000e-01 0.000000000000000000e+00 1.199999999999999956e+00 1.000000000000000000e+00 0.000000000000000000e+00 2.200000000000000178e+00
9.548872180451126734e-01 1.000000000000000056e-01 1.250000000000000000e-01 1.250000000000000000e-01 0.000000000000000000e+00 1.199999999999999956e+00 1.000000000000000000e+00 0.000000000000000000e+00 2.200000000000000178e+00
9.573934837092731298e-01 1.000000000000000056e-01 1.250000000000000000e-01 1.250000000000000000e-01 0.000000000000000000e+00 1.199999999999999956e+00 1.000000000000000000e+00 0.000000000000000000e+00 2.200000000000000178e+00
9.598997493734335862e-01 1.000000000000000056e-01 1.250000000000000000e-01 1.250000000000000000e-01 0.000000000000000000e+00 1.199999999999999956e+00 1.000000000000000000e+00 0.000000000000000000e+00 2.200000000000000178e+00
9.624060150375939315e-01 1.000000000000000056e-01 1.250000000000000000e-01 1.250000000000000000e-01 0.000000000000000000e+00 1.199999999999999956e+00 1.000000000000000000e+00 0.000000000000000000e+00 2.200000000000000178e+00
9.649122807017542769e-01 1.000000000000000056e-01 1.250000000000000000e-01 1.250000000000000000e-01 0.000000000000000000e+00 1.199999999999999956e+00 1.000000000000000000e+00 0.000000000000000000e+00 2.200000000000000178e+00
9.674185463659147333e-01 1.000000000000000056e-01 1.250000000000000000e-01 1.250000000000000000e-01 0.000000000000000000e+00 1.199999999999999956e+00 1.000000000000000000e+00 0.000000000000000000e+00 2.200000000000000178e+00
9.699248120300751896e-01 1.000000000000000056e-01 1.250000000000000000e-01 1.250000000000000000e-01 0.000000000000000000e+00 1.199999999999999956e+00 1.000000000000000000e+00 0.000000000000000000e+00 2.200000000000000178e+00
9.724310776942355350e-01 1.000000000000000056e-01 1.250000000000000000e-01 1.250000000000000000e-01 0.000000000000000000e+00 1.199999999999999956e+00 1.000000000000000000e+00 0.000000000000000000e+00 2.200000000000000178e+00
9.749373433583958803e-01 1.000000000000000056e-01 1.250000000000000000e-01 1.250000000000000000e-01 0.000000000000000000e+00 1.199999999999999956e+00 1.000000000000000000e+00 0.000000000000000000e+00 2.200000000000000178e+00
9.774436090225563367e-01 1.000000000000000056e-01 1.250000000000000000e-01 1.250000000000000000e-01 0.000000000000000000e+00 1.199999999999999956e+00 1.000000000000000000e+00 0.000000000000000000e+00 2.200000000000000178e+00
9.799498746867167931e-01 1.000000000000000056e-01 1.250000000000000000e-01 1.250000000000000000e-01 0.000000000000000000e+00 1.199999999999999956e+00 1.000000000000000000e+00 0.000000000000000000e+00 2.200000000000000178e+00
9.824561403508771384e-01 1.000000000000000056e-01 1.250000000000000000e-01 1.250000000000000000e-01 0.000000000000000000e+00 1.199999999999999956e+00 1.000000000000000000e+00 0.000000000000000000e+00 2.200000000000000178e+00
9.849624060150374838e-01 1.000000000000000056e-01 1.250000000000000000e-01 1.250000000000000000e-01 0.000000000000000000e+00 1.199999999999999956e+00 1.000000000000000000e+00 0.000000000000000000e+00 2.200000000000000178e+00
9.874686716791979402e-01 1.000000000000000056e-01 1.250000000000000000e-01 1.250000000000000000e-01 0.000000000000000000e+00 1.199999999999999956e+00 1.000000000000000000e+00 0.000000000000000000e+00 2.200000000000000178e+00
9.899749373433583965e-01 1.000000000000000056e-01 1.250000000000000000e-01 1.250000000000000000e-01 0.000000000000000000e+00 1.199999999999999956e+00 1.000000000000000000e+00 0.000000000000000000e+00 2.200000000000000178e+00
9.924812030075187419e-01 1.000000000000000056e-01 1.250000000000000000e-01 1.250000000000000000e-01 0.000000000000000000e+00 1.199999999999999956e+00 1.000000000000000000e+00 0.000000000000000000e+00 2.200000000000000178e+00
9.949874686716790873e-01 1.000000000000000056e-01 1.250000000000000000e-01 1.250000000000000000e-01 0.000000000000000000e+00 1.199999999999999956e+00 1.000000000000000000e+00 0.000000000000000000e+00 2.200000000000000178e+00
9.974937343358395436e-01 1.000000000000000056e-01 1.250000000000000000e-01 1.250000000000000000e-01 0.000000000000000000e+00 1.199999999999999956e+00 1.000000000000000000e+00 0.000000000000000000e+00 2.200000000000000178e+00
1.000000000000000000e+00 1.000000000000000056e-01 1.250000000000000000e-01 1.250000000000000000e-01 0.000000000000000000e+00 1.199999999999999956e+00 1.000000000000000000e+00 0.000000000000000000e+00 2.200000000000000178e+00
