  400    0.40000
 0.00000000e+00  1.00000000e+00  1.00000000e+00  0.00000000e+00  2.50000000e+00
 2.50626566e-03  1.00000000e+00  1.00000000e+00  0.00000000e+00  2.50000000e+00
 5.01253133e-03  1.00000000e+00  1.00000000e+00  0.00000000e+00  2.50000000e+00
 7.51879699e-03  1.00000000e+00  1.00000000e+00  0.00000000e+00  2.50000000e+00
 1.00250627e-02  1.00000000e+00  1.00000000e+00  0.00000000e+00  2.50000000e+00
 1.25313283e-02  1.00000000e+00  1.00000000e+00  0.00000000e+00  2.50000000e+00
 1.50375940e-02  1.00000000e+00  1.00000000e+00  0.00000000e+00  2.50000000e+00
 1.75438596e-02  1.00000000e+00  1.00000000e+00  0.00000000e+00  2.50000000e+00
 2.00501253e-02  1.00000000e+00  1.00000000e+00  0.00000000e+00  2.50000000e+00
 2.25563910e-02  1.00000000e+00  1.00000000e+00  0.00000000e+00  2.50000000e+00
 2.50626566e-02  1.00000000e+00  1.00000000e+00  0.00000000e+00  2.50000000e+00
 2.75689223e-02  1.00000000e+00  1.00000000e+00  0.00000000e+00  2.50000000e+00
 3.00751880e-02  1.00000000e+00  1.00000000e+00  0.00000000e+00  2.50000000e+00
 3.25814536e-02  1.00000000e+00  1.00000000e+00  0.00000000e+00  2.50000000e+00
 3.50877193e-02  1.00000000e+00  1.00000000e+00  0.00000000e+00  2.50000000e+00
 3.75939850e-02  1.00000000e+00  1.00000000e+00  0.00000000e+00  2.50000000e+00
 4.01002506e-02  1.00000000e+00  1.00000000e+00  0.00000000e+00  2.50000000e+00
 4.26065163e-02  1.00000000e+00  1.00000000e+00  0.00000000e+00  2.50000000e+00
 4.51127820e-02  1.00000000e+00  1.00000000e+00  0.00000000e+00  2.50000000e+00
 4.76190476e-02  1.00000000e+00  1.00000000e+00  0.00000000e+00  2.50000000e+00
 5.01253133e-02  1.00000000e+00  1.00000000e+00  0.00000000e+00  2.50000000e+00
 5.26315789e-02  1.00000000e+00  1.00000000e+00  0.00000000e+00  2.50000000e+00
 5.51378446e-02  1.00000000e+00  1.00000000e+00  0.00000000e+00  2.50000000e+00
 5.76441103e-02  1.00000000e+00  1.00000000e+00  0.00000000e+00  2.50000000e+00
 6.01503759e-02  1.00000000e+00  1.00000000e+00  0.00000000e+00  2.50000000e+00
 6.26566416e-02  1.00000000e+00  1.00000000e+00  0.00000000e+00  2.50000000e+00
 6.51629073e-02  1.00000000e+00  1.00000000e+00  0.00000000e+00  2.50000000e+00
 6.76691729e-02  1.00000000e+00  1.00000000e+00  0.00000000e+00  2.50000000e+00
 7.01754386e-02  1.00000000e+00  1.00000000e+00  0.00000000e+00  2.50000000e+00
 7.26817043e-02  1.00000000e+00  1.00000000e+00  0.00000000e+00  2.50000000e+00
 7.51879699e-02  1.00000000e+00  1.00000000e+00  0.00000000e+00  2.50000000e+00
 7.76942356e-02  1.00000000e+00  1.00000000e+00  0.00000000e+00  2.50000000e+00
 8.02005013e-02  1.00000000e+00  1.00000000e+00  0.00000000e+00  2.50000000e+00
 8.27067669e-02  1.00000000e+00  1.00000000e+00  0.00000000e+00  2.50000000e+00
 8.52130326e-02  1.00000000e+00  1.00000000e+00  0.00000000e+00  2.50000000e+00
 8.77192982e-02  1.00000000e+00  1.00000000e+00  0.00000000e+00  2.50000000e+00
 9.02255639e-02  1.00000000e+00  1.00000000e+00  0.00000000e+00  2.50000000e+00
 9.27318296e-02  1.00000000e+00  1.00000000e+00  0.00000000e+00  2.50000000e+00
 9.52380952e-02  1.00000000e+00  1.00000000e+00  0.00000000e+00  2.50000000e+00
 9.77443609e-02  1.00000000e+00  1.00000000e+00  0.00000000e+00  2.50000000e+00
 1.00250627e-01  1.00000000e+00  1.00000000e+00  0.00000000e+00  2.50000000e+00
 1.02756892e-01  1.00000000e+00  1.00000000e+00  0.00000000e+00  2.50000000e+00
 1.05263158e-01  1.00000000e+00  1.00000000e+00  0.00000000e+00  2.50000000e+00
 1.07769424e-01  1.00000000e+00  1.00000000e+00  0.00000000e+00  2.50000000e+00
 1.10275689e-01  1.00000000e+00  1.00000000e+00  0.00000000e+00  2.50000000e+00
 1.12781955e-01  1.00000000e+00  1.00000000e+00  0.00000000e+00  2.50000000e+00
 1.15288221e-01  1.00000000e+00  1.00000000e+00  0.00000000e+00  2.50000000e+00
 1.17794486e-01  1.00000000e+00  1.00000000e+00  0.00000000e+00  2.50000000e+00
 1.20300752e-01  1.00000000e+00  1.00000000e+00  0.00000000e+00  2.50000000e+00
 1.22807018e-01  1.00000000e+00  1.00000000e+00  0.00000000e+00  2.50000000e+00
 1.25313283e-01  1.00000000e+00  1.00000000e+00  0.00000000e+00  2.50000000e+00
 1.27819549e-01  1.00000000e+00  1.00000000e+00  0.00000000e+00  2.50000000e+00
 1.30325815e-01  1.00000000e+00  1.00000000e+00  0.00000000e+00  2.50000000e+00
 1.32832080e-01  1.00000000e+00  1.00000000e+00  0.00000000e+00  2.50000000e+00
 1.35338346e-01  1.00000000e+00  1.00000000e+00  0.00000000e+00  2.50000000e+00
 1.37844612e-01  1.00000000e+00  1.00000000e+00  0.00000000e+00  2.50000000e+00
 1.40350877e-01  1.00000000e+00  1.00000000e+00  0.00000000e+00  2.50000000e+00
 1.42857143e-01  1.00000000e+00  1.00000000e+00  0.00000000e+00  2.50000000e+00
 1.45363409e-01  1.00000000e+00  1.00000000e+00  0.00000000e+00  2.50000000e+00
 1.47869674e-01  1.00000000e+00  1.00000000e+00  0.00000000e+00  2.50000000e+00
 1.50375940e-01  1.00000000e+00  1.00000000e+00  0.00000000e+00  2.50000000e+00
 1.52882206e-01  1.00000000e+00  1.00000000e+00  0.00000000e+00  2.50000000e+00
 1.55388471e-01  1.00000000e+00  1.00000000e+00  0.00000000e+00  2.50000000e+00
 1.57894737e-01  1.00000000e+00  1.00000000e+00  0.00000000e+00  2.50000000e+00
 1.60401003e-01  1.00000000e+00  1.00000000e+00  0.00000000e+00  2.50000000e+00
 1.62907268e-01  1.00000000e+00  1.00000000e+00  0.00000000e+00  2.50000000e+00
 1.65413534e-01  1.00000000e+00  1.00000000e+00  0.00000000e+00  2.50000000e+00
 1.67919799e-01  1.00000000e+00  1.00000000e+00  0.00000000e+00  2.50000000e+00
 1.70426065e-01  1.00000000e+00  1.00000000e+00  0.00000000e+00  2.50000000e+00
 1.72932331e-01  1.00000000e+00  1.00000000e+00  0.00000000e+00  2.50000000e+00
 1.75438596e-01  1.00000000e+00  1.00000000e+00  0.00000000e+00  2.50000000e+00
 1.77944862e-01  1.00000000e+00  1.00000000e+00  0.00000000e+00  2.50000000e+00
 1.80451128e-01  1.00000000e+00  1.00000000e+00  0.00000000e+00  2.50000000e+00
 1.82957393e-01  1.00000000e+00  1.00000000e+00  0.00000000e+00  2.50000000e+00
 1.85463659e-01  1.00000000e+00  1.00000000e+00  0.00000000e+00  2.50000000e+00
 1.87969925e-01  1.00000000e+00  1.00000000e+00  0.00000000e+00  2.50000000e+00
 1.90476190e-01  1.00000000e+00  1.00000000e+00  0.00000000e+00  2.50000000e+00
 1.92982456e-01  1.00000000e+00  1.00000000e+00  0.00000000e+00  2.50000000e+00
 1.95488722e-01  1.00000000e+00  1.00000000e+00  0.00000000e+00  2.50000000e+00
 1.97994987e-01  1.00000000e+00  1.00000000e+00  0.00000000e+00  2.50000000e+00
 2.00501253e-01  1.00000000e+00  1.00000000e+00  0.00000000e+00  2.50000000e+00
 2.03007519e-01  1.00000000e+00  1.00000000e+00  0.00000000e+00  2.50000000e+00
 2.05513784e-01  1.00000000e+00  1.00000000e+00  0.00000000e+00  2.50000000e+00
 2.08020050e-01  1.00000000e+00  1.00000000e+00  0.00000000e+00  2.50000000e+00
 2.10526316e-01  1.00000000e+00  1.00000000e+00  0.00000000e+00  2.50000000e+00
 2.13032581e-01  1.00000000e+00  1.00000000e+00  0.00000000e+00  2.50000000e+00
 2.15538847e-01  1.00000000e+00  1.00000000e+00  0.00000000e+00  2.50000000e+00
 2.18045113e-01  1.00000000e+00  1.00000000e+00  0.00000000e+00  2.50000000e+00
 2.20551378e-01  1.00000000e+00  1.00000000e+00  0.00000000e+00  2.50000000e+00
 2.23057644e-01  1.00000000e+00  1.00000000e+00  0.00000000e+00  2.50000000e+00
 2.25563910e-01  1.00000000e+00  1.00000000e+00  0.00000000e+00  2.50000000e+00
 2.28070175e-01  1.00000000e+00  1.00000000e+00  0.00000000e+00  2.50000000e+00
 2.30576441e-01  1.00000000e+00  1.00000000e+00  0.00000000e+00  2.50000000e+00
 2.33082707e-01  1.00000000e+00  1.00000000e+00  0.00000000e+00  2.50000000e+00
 2.35588972e-01  1.00000000e+00  1.00000000e+00  0.00000000e+00  2.50000000e+00
 2.38095238e-01  1.00000000e+00  1.00000000e+00  0.00000000e+00  2.50000000e+00
 2.40601504e-01  1.00000000e+00  1.00000000e+00  0.00000000e+00  2.50000000e+00
 2.43107769e-01  1.00000000e+00  1.00000000e+00  0.00000000e+00  2.50000000e+00
 2.45614035e-01  1.00000000e+00  1.00000000e+00  0.00000000e+00  2.50000000e+00
 2.48120301e-01  1.00000000e+00  1.00000000e+00  0.00000000e+00  2.50000000e+00
 2.50626566e-01  1.00000000e+00  1.00000000e+00  0.00000000e+00  2.50000000e+00
 2.53132832e-01  1.00000000e+00  1.00000000e+00  0.00000000e+00  2.50000000e+00
 2.55639098e-01  1.00000000e+00  1.00000000e+00  0.00000000e+00  2.50000000e+00
 2.58145363e-01  1.00000000e+00  1.00000000e+00  0.00000000e+00  2.50000000e+00
 2.60651629e-01  1.00000000e+00  1.00000000e+00  0.00000000e+00  2.50000000e+00
 2.63157895e-01  1.00000000e+00  1.00000000e+00  0.00000000e+00  2.50000000e+00
 2.65664160e-01  1.00000000e+00  1.00000000e+00  0.00000000e+00  2.50000000e+00
 2.68170426e-01  1.00000000e+00  1.00000000e+00  0.00000000e+00  2.50000000e+00
 2.70676692e-01  1.00000000e+00  1.00000000e+00  0.00000000e+00  2.50000000e+00
 2.73182957e-01  1.00000000e+00  1.00000000e+00  0.00000000e+00  2.50000000e+00
 2.75689223e-01  1.00000000e+00  1.00000000e+00  0.00000000e+00  2.50000000e+00
 2.78195489e-01  9.88924776e-01  9.92076550e-01  4.43627726e-03  2.49205764e+00
 2.80701754e-01  9.68144916e-01  9.77141383e-01  1.28905540e-02  2.47698269e+00
 2.83208020e-01  9.47989952e-01  9.62567599e-01  2.12582962e-02  2.46213864e+00
 2.85714286e-01  9.28433261e-01  9.48341551e-01  2.95409757e-02  2.44751815e+00
 2.88220551e-01  9.09449691e-01  9.34450283e-01  3.77400296e-02  2.43311417e+00
 2.90726817e-01  8.91015460e-01  9.20881488e-01  4.58568608e-02  2.41892000e+00
 2.93233083e-01  8.73108066e-01  9.07623464e-01  5.38928393e-02  2.40492919e+00
 2.95739348e-01  8.55706202e-01  8.94665078e-01  6.18493033e-02  2.39113559e+00
 2.98245614e-01  8.38789678e-01  8.81995732e-01  6.97275597e-02  2.37753327e+00
 3.00751880e-01  8.22339350e-01  8.69605333e-01  7.75288860e-02  2.36411657e+00
 3.03258145e-01  8.06337054e-01  8.57484257e-01  8.52545302e-02  2.35088005e+00
 3.05764411e-01  7.90765544e-01  8.45623328e-01  9.29057122e-02  2.33781850e+00
 3.08270677e-01  7.75608434e-01  8.34013789e-01  1.00483625e-01  2.32492689e+00
 3.10776942e-01  7.60850150e-01  8.22647277e-01  1.07989433e-01  2.31220041e+00
 3.13283208e-01  7.46475873e-01  8.11515805e-01  1.15424279e-01  2.29963443e+00
 3.15789474e-01  7.32471502e-01  8.00611736e-01  1.22789277e-01  2.28722447e+00
 3.18295739e-01  7.18823608e-01  7.89927767e-01  1.30085517e-01  2.27496626e+00
 3.20802005e-01  7.05519393e-01  7.79456910e-01  1.37314068e-01  2.26285566e+00
 3.23308271e-01  6.92546656e-01  7.69192474e-01  1.44475974e-01  2.25088869e+00
 3.25814536e-01  6.79893761e-01  7.59128051e-01  1.51572256e-01  2.23906151e+00
 3.28320802e-01  6.67549598e-01  7.49257500e-01  1.58603916e-01  2.22737042e+00
 3.30827068e-01  6.55503562e-01  7.39574933e-01  1.65571933e-01  2.21581186e+00
 3.33333333e-01  6.43745519e-01  7.30074701e-01  1.72477266e-01  2.20438237e+00
 3.35839599e-01  6.32265784e-01  7.20751385e-01  1.79320853e-01  2.19307863e+00
 3.38345865e-01  6.21055094e-01  7.11599781e-01  1.86103616e-01  2.18189743e+00
 3.40852130e-01  6.10104586e-01  7.02614891e-01  1.92826454e-01  2.17083567e+00
 3.43358396e-01  5.99405779e-01  6.93791912e-01  1.99490250e-01  2.15989034e+00
 3.45864662e-01  5.88950548e-01  6.85126227e-01  2.06095869e-01  2.14905854e+00
 3.48370927e-01  5.78731110e-01  6.76613396e-01  2.12644158e-01  2.13833747e+00
 3.50877193e-01  5.68740008e-01  6.68249148e-01  2.19135948e-01  2.12772440e+00
 3.53383459e-01  5.58970087e-01  6.60029372e-01  2.25572052e-01  2.11721671e+00
 3.55889724e-01  5.49414486e-01  6.51950108e-01  2.31953268e-01  2.10681185e+00
 3.58395990e-01  5.40066621e-01  6.44007544e-01  2.38280379e-01  2.09650736e+00
 3.60902256e-01  5.30920171e-01  6.36198006e-01  2.44554152e-01  2.08630083e+00
 3.63408521e-01  5.21969063e-01  6.28517954e-01  2.50775339e-01  2.07618995e+00
 3.65914787e-01  5.13207465e-01  6.20963972e-01  2.56944677e-01  2.06617247e+00
 3.68421053e-01  5.04629770e-01  6.13532767e-01  2.63062891e-01  2.05624620e+00
 3.70927318e-01  4.96230586e-01  6.06221162e-01  2.69130689e-01  2.04640904e+00
 3.73433584e-01  4.88004729e-01  5.99026087e-01  2.75148769e-01  2.03665892e+00
 3.75939850e-01  4.79947209e-01  5.91944583e-01  2.81117814e-01  2.02699384e+00
 3.78446115e-01  4.72053224e-01  5.84973787e-01  2.87038494e-01  2.01741187e+00
 3.80952381e-01  4.64318150e-01  5.78110937e-01  2.92911468e-01  2.00791111e+00
 3.83458647e-01  4.56737532e-01  5.71353361e-01  2.98737382e-01  1.99848974e+00
 3.85964912e-01  4.49307080e-01  5.64698476e-01  3.04516870e-01  1.98914597e+00
 3.88471178e-01  4.42022658e-01  5.58143786e-01  3.10250555e-01  1.97987807e+00
 3.90977444e-01  4.34880277e-01  5.51686874e-01  3.15939047e-01  1.97068436e+00
 3.93483709e-01  4.27876091e-01  5.45325402e-01  3.21582947e-01  1.96156318e+00
 3.95989975e-01  4.21006391e-01  5.39057109e-01  3.27182846e-01  1.95251294e+00
 3.98496241e-01  4.14267597e-01  5.32879804e-01  3.32739321e-01  1.94353208e+00
 4.01002506e-01  4.07656251e-01  5.26791364e-01  3.38252942e-01  1.93461908e+00
 4.03508772e-01  4.01169016e-01  5.20789736e-01  3.43724267e-01  1.92577248e+00
 4.06015038e-01  3.94802669e-01  5.14872928e-01  3.49153846e-01  1.91699081e+00
 4.08521303e-01  3.88554096e-01  5.09039010e-01  3.54542217e-01  1.90827269e+00
 4.11027569e-01  3.82420287e-01  5.03286111e-01  3.59889912e-01  1.89961673e+00
 4.13533835e-01  3.76398333e-01  4.97612416e-01  3.65197450e-01  1.89102161e+00
 4.16040100e-01  3.70485421e-01  4.92016167e-01  3.70465344e-01  1.88248601e+00
 4.18546366e-01  3.64678829e-01  4.86495654e-01  3.75694098e-01  1.87400867e+00
 4.21052632e-01  3.58975925e-01  4.81049222e-01  3.80884205e-01  1.86558833e+00
 4.23558897e-01  3.53374163e-01  4.75675262e-01  3.86036152e-01  1.85722378e+00
 4.26065163e-01  3.47871077e-01  4.70372213e-01  3.91150418e-01  1.84891383e+00
 4.28571429e-01  3.42464279e-01  4.65138558e-01  3.96227473e-01  1.84065733e+00
 4.31077694e-01  3.37151458e-01  4.59972823e-01  4.01267779e-01  1.83245314e+00
 4.33583960e-01  3.31930375e-01  4.54873579e-01  4.06271791e-01  1.82430015e+00
 4.36090226e-01  3.26798861e-01  4.49839434e-01  4.11239957e-01  1.81619727e+00
 4.38596491e-01  3.21754813e-01  4.44869037e-01  4.16172716e-01  1.80814344e+00
 4.41102757e-01  3.16796193e-01  4.39961073e-01  4.21070502e-01  1.80013763e+00
 4.43609023e-01  2.75000000e-01  4.49607016e-01  4.26569351e-01  1.81582186e+00
 4.46115288e-01  2.75000000e-01  4.49607016e-01  4.26569351e-01  1.81582186e+00
 4.48621554e-01  2.75000000e-01  4.49607016e-01  4.26569351e-01  1.81582186e+00
 4.51127820e-01  2.75000000e-01  4.49607016e-01  4.26569351e-01  1.81582186e+00
 4.53634085e-01  2.75000000e-01  4.49607016e-01  4.26569351e-01  1.81582186e+00
 4.56140351e-01  2.75000000e-01  4.49607016e-01  4.26569351e-01  1.81582186e+00
 4.58646617e-01  2.75000000e-01  4.49607016e-01  4.26569351e-01  1.81582186e+00
 4.61152882e-01  2.75000000e-01  4.49607016e-01  4.26569351e-01  1.81582186e+00
 4.63659148e-01  2.75000000e-01  4.49607016e-01  4.26569351e-01  1.81582186e+00
 4.66165414e-01  2.75000000e-01  4.49607016e-01  4.26569351e-01  1.81582186e+00
 4.68671679e-01  2.75000000e-01  4.49607016e-01  4.26569351e-01  1.81582186e+00
 4.71177945e-01  2.75000000e-01  4.49607016e-01  4.26569351e-01  1.81582186e+00
 4.73684211e-01  2.75000000e-01  4.49607016e-01  4.26569351e-01  1.81582186e+00
 4.76190476e-01  2.75000000e-01  4.49607016e-01  4.26569351e-01  1.81582186e+00
 4.78696742e-01  2.75000000e-01  4.49607016e-01  4.26569351e-01  1.81582186e+00
 4.81203008e-01  2.75000000e-01  4.49607016e-01  4.26569351e-01  1.81582186e+00
 4.83709273e-01  2.75000000e-01  4.49607016e-01  4.26569351e-01  1.81582186e+00
 4.86215539e-01  2.75000000e-01  4.49607016e-01  4.26569351e-01  1.81582186e+00
 4.88721805e-01  2.75000000e-01  4.49607016e-01  4.26569351e-01  1.81582186e+00
 4.91228070e-01  2.75000000e-01  4.49607016e-01  4.26569351e-01  1.81582186e+00
 4.93734336e-01  2.75000000e-01  4.49607016e-01  4.26569351e-01  1.81582186e+00
 4.96240602e-01  2.75000000e-01  4.49607016e-01  4.26569351e-01  1.81582186e+00
 4.98746867e-01  2.75000000e-01  4.49607016e-01  4.26569351e-01  1.81582186e+00
 5.01253133e-01  2.75000000e-01  4.49607016e-01  4.26569351e-01  1.81582186e+00
 5.03759398e-01  2.75000000e-01  4.49607016e-01  4.26569351e-01  1.81582186e+00
 5.06265664e-01  2.75000000e-01  4.49607016e-01  4.26569351e-01  1.81582186e+00
 5.08771930e-01  2.75000000e-01  4.49607016e-01  4.26569351e-01  1.81582186e+00
 5.11278195e-01  2.75000000e-01  4.49607016e-01  4.26569351e-01  1.81582186e+00
 5.13784461e-01  2.75000000e-01  4.49607016e-01  4.26569351e-01  1.81582186e+00
 5.16290727e-01  2.75000000e-01  4.49607016e-01  4.26569351e-01  1.81582186e+00
 5.18796992e-01  2.75000000e-01  4.49607016e-01  4.26569351e-01  1.81582186e+00
 5.21303258e-01  2.75000000e-01  4.49607016e-01  4.26569351e-01  1.81582186e+00
 5.23809524e-01  2.75000000e-01  4.49607016e-01  4.26569351e-01  1.81582186e+00
 5.26315789e-01  2.75000000e-01  4.49607016e-01  4.26569351e-01  1.81582186e+00
 5.28822055e-01  2.75000000e-01  4.49607016e-01  4.26569351e-01  1.81582186e+00
 5.31328321e-01  2.75000000e-01  4.49607016e-01  4.26569351e-01  1.81582186e+00
 5.33834586e-01  2.75000000e-01  4.49607016e-01  4.26569351e-01  1.81582186e+00
 5.36340852e-01  2.75000000e-01  4.49607016e-01  4.26569351e-01  1.81582186e+00
 5.38847118e-01  2.75000000e-01  4.49607016e-01  4.26569351e-01  1.81582186e+00
 5.41353383e-01  2.75000000e-01  4.49607016e-01  4.26569351e-01  1.81582186e+00
 5.43859649e-01  2.75000000e-01  4.49607016e-01  4.26569351e-01  1.81582186e+00
 5.46365915e-01  2.75000000e-01  4.49607016e-01  4.26569351e-01  1.81582186e+00
 5.48872180e-01  2.75000000e-01  4.49607016e-01  4.26569351e-01  1.81582186e+00
 5.51378446e-01  2.75000000e-01  4.49607016e-01  4.26569351e-01  1.81582186e+00
 5.53884712e-01  2.75000000e-01  4.49607016e-01  4.26569351e-01  1.81582186e+00
 5.56390977e-01  2.75000000e-01  4.49607016e-01  4.26569351e-01  1.81582186e+00
 5.58897243e-01  2.75000000e-01  4.49607016e-01  4.26569351e-01  1.81582186e+00
 5.61403509e-01  2.75000000e-01  4.49607016e-01  4.26569351e-01  1.81582186e+00
 5.63909774e-01  2.75000000e-01  4.49607016e-01  4.26569351e-01  1.81582186e+00
 5.66416040e-01  2.75000000e-01  4.49607016e-01  4.26569351e-01  1.81582186e+00
 5.68922306e-01  2.75000000e-01  4.49607016e-01  4.26569351e-01  1.81582186e+00
 5.71428571e-01  2.75000000e-01  4.49607016e-01  4.26569351e-01  1.81582186e+00
 5.73934837e-01  2.75000000e-01  4.49607016e-01  4.26569351e-01  1.81582186e+00
 5.76441103e-01  2.75000000e-01  4.49607016e-01  4.26569351e-01  1.81582186e+00
 5.78947368e-01  2.75000000e-01  4.49607016e-01  4.26569351e-01  1.81582186e+00
 5.81453634e-01  2.75000000e-01  4.49607016e-01  4.26569351e-01  1.81582186e+00
 5.83959900e-01  2.75000000e-01  4.49607016e-01  4.26569351e-01  1.81582186e+00
 5.86466165e-01  2.75000000e-01  4.49607016e-01  4.26569351e-01  1.81582186e+00
 5.88972431e-01  2.75000000e-01  4.49607016e-01  4.26569351e-01  1.81582186e+00
 5.91478697e-01  2.75000000e-01  4.49607016e-01  4.26569351e-01  1.81582186e+00
 5.93984962e-01  2.75000000e-01  4.49607016e-01  4.26569351e-01  1.81582186e+00
 5.96491228e-01  2.75000000e-01  4.49607016e-01  4.26569351e-01  1.81582186e+00
 5.98997494e-01  2.75000000e-01  4.49607016e-01  4.26569351e-01  1.81582186e+00
 6.01503759e-01  2.75000000e-01  4.49607016e-01  4.26569351e-01  1.81582186e+00
 6.04010025e-01  2.75000000e-01  4.49607016e-01  4.26569351e-01  1.81582186e+00
 6.06516291e-01  2.75000000e-01  4.49607016e-01  4.26569351e-01  1.81582186e+00
 6.09022556e-01  2.75000000e-01  4.49607016e-01  4.26569351e-01  1.81582186e+00
 6.11528822e-01  2.75000000e-01  4.49607016e-01  4.26569351e-01  1.81582186e+00
 6.14035088e-01  2.75000000e-01  4.49607016e-01  4.26569351e-01  1.81582186e+00
 6.16541353e-01  2.75000000e-01  4.49607016e-01  4.26569351e-01  1.81582186e+00
 6.19047619e-01  2.75000000e-01  4.49607016e-01  4.26569351e-01  1.81582186e+00
 6.21553885e-01  2.75000000e-01  4.49607016e-01  4.26569351e-01  1.81582186e+00
 6.24060150e-01  2.75000000e-01  4.49607016e-01  4.26569351e-01  1.81582186e+00
 6.26566416e-01  2.75000000e-01  4.49607016e-01  4.26569351e-01  1.81582186e+00
 6.29072682e-01  2.75000000e-01  4.49607016e-01  4.26569351e-01  1.81582186e+00
 6.31578947e-01  2.75000000e-01  4.49607016e-01  4.26569351e-01  1.81582186e+00
 6.34085213e-01  2.75000000e-01  4.49607016e-01  4.26569351e-01  1.81582186e+00
 6.36591479e-01  2.75000000e-01  4.49607016e-01  4.26569351e-01  1.81582186e+00
 6.39097744e-01  2.75000000e-01  4.49607016e-01  4.26569351e-01  1.81582186e+00
 6.41604010e-01  2.75000000e-01  4.49607016e-01  4.26569351e-01  1.81582186e+00
 6.44110276e-01  2.75000000e-01  4.49607016e-01  4.26569351e-01  1.81582186e+00
 6.46616541e-01  2.75000000e-01  4.49607016e-01  4.26569351e-01  1.81582186e+00
 6.49122807e-01  2.75000000e-01  4.49607016e-01  4.26569351e-01  1.81582186e+00
 6.51629073e-01  2.75000000e-01  4.49607016e-01  4.26569351e-01  1.81582186e+00
 6.54135338e-01  2.75000000e-01  4.49607016e-01  4.26569351e-01  1.81582186e+00
 6.56641604e-01  2.75000000e-01  4.49607016e-01  4.26569351e-01  1.81582186e+00
 6.59147870e-01  2.75000000e-01  4.49607016e-01  4.26569351e-01  1.81582186e+00
 6.61654135e-01  2.75000000e-01  4.49607016e-01  4.26569351e-01  1.81582186e+00
 6.64160401e-01  2.75000000e-01  4.49607016e-01  4.26569351e-01  1.81582186e+00
 6.66666667e-01  2.75000000e-01  4.49607016e-01  4.26569351e-01  1.81582186e+00
 6.69172932e-01  2.75000000e-01  4.49607016e-01  4.26569351e-01  1.81582186e+00
 6.71679198e-01  2.75000000e-01  2.83234657e-01  4.26569351e-01  2.88243769e+00
 6.74185464e-01  2.75000000e-01  2.83234657e-01  4.26569351e-01  2.88243769e+00
 6.76691729e-01  2.75000000e-01  2.83234657e-01  4.26569351e-01  2.88243769e+00
 6.79197995e-01  2.75000000e-01  2.83234657e-01  4.26569351e-01  2.88243769e+00
 6.81704261e-01  2.75000000e-01  2.83234657e-01  4.26569351e-01  2.88243769e+00
 6.84210526e-01  2.75000000e-01  2.83234657e-01  4.26569351e-01  2.88243769e+00
 6.86716792e-01  2.75000000e-01  2.83234657e-01  4.26569351e-01  2.88243769e+00
 6.89223058e-01  2.75000000e-01  2.83234657e-01  4.26569351e-01  2.88243769e+00
 6.91729323e-01  2.75000000e-01  2.83234657e-01  4.26569351e-01  2.88243769e+00
 6.94235589e-01  2.75000000e-01  2.83234657e-01  4.26569351e-01  2.88243769e+00
 6.96741855e-01  2.75000000e-01  2.83234657e-01  4.26569351e-01  2.88243769e+00
 6.99248120e-01  2.75000000e-01  2.83234657e-01  4.26569351e-01  2.88243769e+00
 7.01754386e-01  2.75000000e-01  2.83234657e-01  4.26569351e-01  2.88243769e+00
 7.04260652e-01  2.75000000e-01  2.83234657e-01  4.26569351e-01  2.88243769e+00
 7.06766917e-01  2.75000000e-01  2.83234657e-01  4.26569351e-01  2.88243769e+00
 7.09273183e-01  2.75000000e-01  2.83234657e-01  4.26569351e-01  2.88243769e+00
 7.11779449e-01  2.75000000e-01  2.83234657e-01  4.26569351e-01  2.88243769e+00
 7.14285714e-01  2.75000000e-01  2.83234657e-01  4.26569351e-01  2.88243769e+00
 7.16791980e-01  2.75000000e-01  2.83234657e-01  4.26569351e-01  2.88243769e+00
 7.19298246e-01  2.75000000e-01  2.83234657e-01  4.26569351e-01  2.88243769e+00
 7.21804511e-01  2.75000000e-01  2.83234657e-01  4.26569351e-01  2.88243769e+00
 7.24310777e-01  2.75000000e-01  2.83234657e-01  4.26569351e-01  2.88243769e+00
 7.26817043e-01  2.75000000e-01  2.83234657e-01  4.26569351e-01  2.88243769e+00
 7.29323308e-01  2.75000000e-01  2.83234657e-01  4.26569351e-01  2.88243769e+00
 7.31829574e-01  2.75000000e-01  2.83234657e-01  4.26569351e-01  2.88243769e+00
 7.34335840e-01  2.75000000e-01  2.83234657e-01  4.26569351e-01  2.88243769e+00
 7.36842105e-01  2.75000000e-01  2.83234657e-01  4.26569351e-01  2.88243769e+00
 7.39348371e-01  2.75000000e-01  2.83234657e-01  4.26569351e-01  2.88243769e+00
 7.41854637e-01  2.75000000e-01  2.83234657e-01  4.26569351e-01  2.88243769e+00
 7.44360902e-01  2.75000000e-01  2.83234657e-01  4.26569351e-01  2.88243769e+00
 7.46867168e-01  2.75000000e-01  2.83234657e-01  4.26569351e-01  2.88243769e+00
 7.49373434e-01  2.75000000e-01  2.83234657e-01  4.26569351e-01  2.88243769e+00
 7.51879699e-01  2.75000000e-01  2.83234657e-01  4.26569351e-01  2.88243769e+00
 7.54385965e-01  2.75000000e-01  2.83234657e-01  4.26569351e-01  2.88243769e+00
 7.56892231e-01  2.75000000e-01  2.83234657e-01  4.26569351e-01  2.88243769e+00
 7.59398496e-01  2.75000000e-01  2.83234657e-01  4.26569351e-01  2.88243769e+00
 7.61904762e-01  2.75000000e-01  2.83234657e-01  4.26569351e-01  2.88243769e+00
 7.64411028e-01  2.75000000e-01  2.83234657e-01  4.26569351e-01  2.88243769e+00
 7.66917293e-01  2.75000000e-01  2.83234657e-01  4.26569351e-01  2.88243769e+00
 7.69423559e-01  2.75000000e-01  2.83234657e-01  4.26569351e-01  2.88243769e+00
 7.71929825e-01  2.75000000e-01  2.83234657e-01  4.26569351e-01  2.88243769e+00
 7.74436090e-01  2.75000000e-01  2.83234657e-01  4.26569351e-01  2.88243769e+00
 7.76942356e-01  2.75000000e-01  2.83234657e-01  4.26569351e-01  2.88243769e+00
 7.79448622e-01  2.75000000e-01  2.83234657e-01  4.26569351e-01  2.88243769e+00
 7.81954887e-01  2.75000000e-01  2.83234657e-01  4.26569351e-01  2.88243769e+00
 7.84461153e-01  2.75000000e-01  2.83234657e-01  4.26569351e-01  2.88243769e+00
 7.86967419e-01  2.75000000e-01  2.83234657e-01  4.26569351e-01  2.88243769e+00
 7.89473684e-01  2.75000000e-01  2.83234657e-01  4.26569351e-01  2.88243769e+00
 7.91979950e-01  2.75000000e-01  2.83234657e-01  4.26569351e-01  2.88243769e+00
 7.94486216e-01  1.00000000e-01  1.25000000e-01  0.00000000e+00  2.00000000e+00
 7.96992481e-01  1.00000000e-01  1.25000000e-01  0.00000000e+00  2.00000000e+00
 7.99498747e-01  1.00000000e-01  1.25000000e-01  0.00000000e+00  2.00000000e+00
 8.02005013e-01  1.00000000e-01  1.25000000e-01  0.00000000e+00  2.00000000e+00
 8.04511278e-01  1.00000000e-01  1.25000000e-01  0.00000000e+00  2.00000000e+00
 8.07017544e-01  1.00000000e-01  1.25000000e-01  0.00000000e+00  2.00000000e+00
 8.09523810e-01  1.00000000e-01  1.25000000e-01  0.00000000e+00  2.00000000e+00
 8.12030075e-01  1.00000000e-01  1.25000000e-01  0.00000000e+00  2.00000000e+00
 8.14536341e-01  1.00000000e-01  1.25000000e-01  0.00000000e+00  2.00000000e+00
 8.17042607e-01  1.00000000e-01  1.25000000e-01  0.00000000e+00  2.00000000e+00
 8.19548872e-01  1.00000000e-01  1.25000000e-01  0.00000000e+00  2.00000000e+00
 8.22055138e-01  1.00000000e-01  1.25000000e-01  0.00000000e+00  2.00000000e+00
 8.24561404e-01  1.00000000e-01  1.25000000e-01  0.00000000e+00  2.00000000e+00
 8.27067669e-01  1.00000000e-01  1.25000000e-01  0.00000000e+00  2.00000000e+00
 8.29573935e-01  1.00000000e-01  1.25000000e-01  0.00000000e+00  2.00000000e+00
 8.32080201e-01  1.00000000e-01  1.25000000e-01  0.00000000e+00  2.00000000e+00
 8.34586466e-01  1.00000000e-01  1.25000000e-01  0.00000000e+00  2.00000000e+00
 8.37092732e-01  1.00000000e-01  1.25000000e-01  0.00000000e+00  2.00000000e+00
 8.39598997e-01  1.00000000e-01  1.25000000e-01  0.00000000e+00  2.00000000e+00
 8.42105263e-01  1.00000000e-01  1.25000000e-01  0.00000000e+00  2.00000000e+00
 8.44611529e-01  1.00000000e-01  1.25000000e-01  0.00000000e+00  2.00000000e+00
 8.47117794e-01  1.00000000e-01  1.25000000e-01  0.00000000e+00  2.00000000e+00
 8.49624060e-01  1.00000000e-01  1.25000000e-01  0.00000000e+00  2.00000000e+00
 8.52130326e-01  1.00000000e-01  1.25000000e-01  0.00000000e+00  2.00000000e+00
 8.54636591e-01  1.00000000e-01  1.25000000e-01  0.00000000e+00  2.00000000e+00
 8.57142857e-01  1.00000000e-01  1.25000000e-01  0.00000000e+00  2.00000000e+00
 8.59649123e-01  1.00000000e-01  1.25000000e-01  0.00000000e+00  2.00000000e+00
 8.62155388e-01  1.00000000e-01  1.25000000e-01  0.00000000e+00  2.00000000e+00
 8.64661654e-01  1.00000000e-01  1.25000000e-01  0.00000000e+00  2.00000000e+00
 8.67167920e-01  1.00000000e-01  1.25000000e-01  0.00000000e+00  2.00000000e+00
 8.69674185e-01  1.00000000e-01  1.25000000e-01  0.00000000e+00  2.00000000e+00
 8.72180451e-01  1.00000000e-01  1.25000000e-01  0.00000000e+00  2.00000000e+00
 8.74686717e-01  1.00000000e-01  1.25000000e-01  0.00000000e+00  2.00000000e+00
 8.77192982e-01  1.00000000e-01  1.25000000e-01  0.00000000e+00  2.00000000e+00
 8.79699248e-01  1.00000000e-01  1.25000000e-01  0.00000000e+00  2.00000000e+00
 8.82205514e-01  1.00000000e-01  1.25000000e-01  0.00000000e+00  2.00000000e+00
 8.84711779e-01  1.00000000e-01  1.25000000e-01  0.00000000e+00  2.00000000e+00
 8.87218045e-01  1.00000000e-01  1.25000000e-01  0.00000000e+00  2.00000000e+00
 8.89724311e-01  1.00000000e-01  1.25000000e-01  0.00000000e+00  2.00000000e+00
 8.92230576e-01  1.00000000e-01  1.25000000e-01  0.00000000e+00  2.00000000e+00
 8.94736842e-01  1.00000000e-01  1.25000000e-01  0.00000000e+00  2.00000000e+00
 8.97243108e-01  1.00000000e-01  1.25000000e-01  0.00000000e+00  2.00000000e+00
 8.99749373e-01  1.00000000e-01  1.25000000e-01  0.00000000e+00  2.00000000e+00
 9.02255639e-01  1.00000000e-01  1.25000000e-01  0.00000000e+00  2.00000000e+00
 9.04761905e-01  1.00000000e-01  1.25000000e-01  0.00000000e+00  2.00000000e+00
 9.07268170e-01  1.00000000e-01  1.25000000e-01  0.00000000e+00  2.00000000e+00
 9.09774436e-01  1.00000000e-01  1.25000000e-01  0.00000000e+00  2.00000000e+00
 9.12280702e-01  1.00000000e-01  1.25000000e-01  0.00000000e+00  2.00000000e+00
 9.14786967e-01  1.00000000e-01  1.25000000e-01  0.00000000e+00  2.00000000e+00
 9.17293233e-01  1.00000000e-01  1.25000000e-01  0.00000000e+00  2.00000000e+00
 9.19799499e-01  1.00000000e-01  1.25000000e-01  0.00000000e+00  2.00000000e+00
 9.22305764e-01  1.00000000e-01  1.25000000e-01  0.00000000e+00  2.00000000e+00
 9.24812030e-01  1.00000000e-01  1.25000000e-01  0.00000000e+00  2.00000000e+00
 9.27318296e-01  1.00000000e-01  1.25000000e-01  0.00000000e+00  2.00000000e+00
 9.29824561e-01  1.00000000e-01  1.25000000e-01  0.00000000e+00  2.00000000e+00
 9.32330827e-01  1.00000000e-01  1.25000000e-01  0.00000000e+00  2.00000000e+00
 9.34837093e-01  1.00000000e-01  1.25000000e-01  0.00000000e+00  2.00000000e+00
 9.37343358e-01  1.00000000e-01  1.25000000e-01  0.00000000e+00  2.00000000e+00
 9.39849624e-01  1.00000000e-01  1.25000000e-01  0.00000000e+00  2.00000000e+00
 9.42355890e-01  1.00000000e-01  1.25000000e-01  0.00000000e+00  2.00000000e+00
 9.44862155e-01  1.00000000e-01  1.25000000e-01  0.00000000e+00  2.00000000e+00
 9.47368421e-01  1.00000000e-01  1.25000000e-01  0.00000000e+00  2.00000000e+00
 9.49874687e-01  1.00000000e-01  1.25000000e-01  0.00000000e+00  2.00000000e+00
 9.52380952e-01  1.00000000e-01  1.25000000e-01  0.00000000e+00  2.00000000e+00
 9.54887218e-01  1.00000000e-01  1.25000000e-01  0.00000000e+00  2.00000000e+00
 9.57393484e-01  1.00000000e-01  1.25000000e-01  0.00000000e+00  2.00000000e+00
 9.59899749e-01  1.00000000e-01  1.25000000e-01  0.00000000e+00  2.00000000e+00
 9.62406015e-01  1.00000000e-01  1.25000000e-01  0.00000000e+00  2.00000000e+00
 9.64912281e-01  1.00000000e-01  1.25000000e-01  0.00000000e+00  2.00000000e+00
 9.67418546e-01  1.00000000e-01  1.25000000e-01  0.00000000e+00  2.00000000e+00
 9.69924812e-01  1.00000000e-01  1.25000000e-01  0.00000000e+00  2.00000000e+00
 9.72431078e-01  1.00000000e-01  1.25000000e-01  0.00000000e+00  2.00000000e+00
 9.74937343e-01  1.00000000e-01  1.25000000e-01  0.00000000e+00  2.00000000e+00
 9.77443609e-01  1.00000000e-01  1.25000000e-01  0.00000000e+00  2.00000000e+00
 9.79949875e-01  1.00000000e-01  1.25000000e-01  0.00000000e+00  2.00000000e+00
 9.82456140e-01  1.00000000e-01  1.25000000e-01  0.00000000e+00  2.00000000e+00
 9.84962406e-01  1.00000000e-01  1.25000000e-01  0.00000000e+00  2.00000000e+00
 9.87468672e-01  1.00000000e-01  1.25000000e-01  0.00000000e+00  2.00000000e+00
 9.89974937e-01  1.00000000e-01  1.25000000e-01  0.00000000e+00  2.00000000e+00
 9.92481203e-01  1.00000000e-01  1.25000000e-01  0.00000000e+00  2.00000000e+00
 9.94987469e-01  1.00000000e-01  1.25000000e-01  0.00000000e+00  2.00000000e+00
 9.97493734e-01  1.00000000e-01  1.25000000e-01  0.00000000e+00  2.00000000e+00
 1.00000000e+00  1.00000000e-01  1.25000000e-01  0.00000000e+00  2.00000000e+00
