# temperature vs n for N_H = 10^19 cm^-2
1.000000e-02  6.965138e+02
1.230795e-02  6.965138e+02
1.539731e-02  6.965138e+02
1.895093e-02  6.864030e+02
2.370770e-02  6.864030e+02
2.917932e-02  6.731499e+02
3.650348e-02  6.731499e+02
4.492829e-02  6.633782e+02
5.620552e-02  6.633782e+02
6.917746e-02  6.505697e+02
8.654136e-02  6.411258e+02
1.065147e-01  6.318191e+02
1.332504e-01  6.196198e+02
1.640039e-01  6.017612e+02
2.051697e-01  5.620673e+02
2.525218e-01  4.927576e+02
3.159060e-01  3.976417e+02
3.952000e-01  2.910808e+02
4.864102e-01  2.029395e+02
6.085016e-01  1.367420e+02
7.489406e-01  9.533555e+01
9.369285e-01  6.978731e+01
1.153167e+00  5.260162e+01
1.442617e+00  4.183186e+01
1.775566e+00  3.425440e+01
2.230305e+00  2.916489e+01
2.733894e+00  2.507483e+01
3.434069e+00  2.198280e+01
4.209460e+00  1.965149e+01
5.287541e+00  1.782619e+01
6.481434e+00  1.609180e+01
8.141389e+00  1.481215e+01
1.002038e+01  1.390270e+01
1.253555e+01  1.279713e+01
1.542869e+01  1.201140e+01
1.930136e+01  1.138435e+01
2.375602e+01  1.084276e+01
2.971890e+01  1.032693e+01
3.657787e+01  9.835642e+00
4.575910e+01  9.367727e+00
5.632006e+01  9.053495e+00
7.045668e+01  8.749804e+00
8.671772e+01  8.497618e+00
1.084843e+02  8.212573e+00
1.335219e+02  8.093357e+00
1.670366e+02  7.821873e+00
2.055878e+02  7.670848e+00
2.571914e+02  7.559495e+00
3.165498e+02  7.559495e+00
3.960054e+02  7.449759e+00
4.874015e+02  7.449759e+00
6.097417e+02  7.449759e+00
7.504669e+02  7.305919e+00
9.388379e+02  7.305919e+00
1.155517e+03  7.305919e+00
1.445557e+03  7.199864e+00
1.779185e+03  7.095349e+00
2.225769e+03  6.958351e+00
2.739465e+03  6.724940e+00
3.427085e+03  6.405011e+00
4.218038e+03  5.895674e+00
5.276787e+03  5.453356e+00
6.494643e+03  5.019696e+00
8.124831e+03  4.688582e+00
1.000000e+04  4.400707e+00
