# pressure vs n for N_H = 10^20 cm^-2
1.000000e-02  2.860177e+01
1.230795e-02  3.492881e+01
1.539731e-02  4.244805e+01
1.895093e-02  5.083715e+01
2.370770e-02  6.208291e+01
2.917932e-02  7.544771e+01
3.650348e-02  9.213760e+01
4.492829e-02  1.103470e+02
5.620552e-02  1.347570e+02
6.917746e-02  1.613893e+02
8.654136e-02  1.932850e+02
1.065147e-01  2.281240e+02
1.332504e-01  2.551870e+02
1.640039e-01  2.732087e+02
2.051697e-01  2.732087e+02
2.525218e-01  2.551870e+02
3.159060e-01  2.314843e+02
3.952000e-01  2.029395e+02
4.864102e-01  1.805353e+02
6.085016e-01  1.613893e+02
7.489406e-01  1.507436e+02
9.369285e-01  1.456870e+02
1.153167e+00  1.456870e+02
1.442617e+00  1.507436e+02
1.775566e+00  1.582732e+02
2.230305e+00  1.694506e+02
2.733894e+00  1.840898e+02
3.434069e+00  1.999936e+02
4.209460e+00  2.237194e+02
5.287541e+00  2.514827e+02
6.481434e+00  2.813168e+02
8.141389e+00  3.208858e+02
1.002038e+01  3.732269e+02
1.253555e+01  4.257237e+02
1.542869e+01  4.927576e+02
1.930136e+01  5.703466e+02
2.375602e+01  6.633782e+02
2.971890e+01  7.829502e+02
3.657787e+01  9.195814e+02
4.575910e+01  1.085333e+03
5.632006e+01  1.280961e+03
7.045668e+01  1.511851e+03
8.671772e+01  1.775681e+03
1.084843e+02  2.095742e+03
1.335219e+02  2.473493e+03
1.670366e+02  2.919333e+03
2.055878e+02  3.428781e+03
2.571914e+02  3.988064e+03
3.165498e+02  4.616019e+03
3.960054e+02  5.448042e+03
4.874015e+02  6.305884e+03
6.097417e+02  7.442501e+03
7.504669e+02  8.783989e+03
9.388379e+02  1.051999e+04
1.155517e+03  1.235581e+04
1.445557e+03  1.487002e+04
1.779185e+03  1.746496e+04
2.225769e+03  2.031375e+04
2.739465e+03  2.317101e+04
3.427085e+03  2.591985e+04
4.218038e+03  2.871352e+04
5.276787e+03  3.211988e+04
6.494643e+03  3.663776e+04
8.124831e+03  4.261389e+04
1.000000e+04  5.005037e+04
