# pressure vs n for N_H = 10^19 cm^-2
1.000000e-02  3.062166e+01
1.230795e-02  3.721370e+01
1.539731e-02  4.456832e+01
1.895093e-02  5.442734e+01
2.370770e-02  6.518393e+01
2.917932e-02  7.960336e+01
3.650348e-02  9.533555e+01
4.492829e-02  1.158588e+02
5.620552e-02  1.414880e+02
6.917746e-02  1.694506e+02
8.654136e-02  2.059288e+02
1.065147e-01  2.466270e+02
1.332504e-01  2.968117e+02
1.640039e-01  3.554712e+02
2.051697e-01  4.054706e+02
2.525218e-01  4.383580e+02
3.159060e-01  4.319947e+02
3.952000e-01  3.843032e+02
4.864102e-01  3.272035e+02
6.085016e-01  2.732087e+02
7.489406e-01  2.314843e+02
9.369285e-01  2.059288e+02
1.153167e+00  1.932850e+02
1.442617e+00  1.895530e+02
1.775566e+00  1.895530e+02
2.230305e+00  1.961321e+02
2.733894e+00  2.099832e+02
3.434069e+00  2.281240e+02
4.209460e+00  2.466270e+02
5.287541e+00  2.732087e+02
6.481434e+00  3.056202e+02
8.141389e+00  3.486077e+02
1.002038e+01  3.976417e+02
1.253555e+01  4.535727e+02
1.542869e+01  5.275568e+02
1.930136e+01  6.106253e+02
2.375602e+01  7.067735e+02
2.971890e+01  8.220583e+02
3.657787e+01  9.655142e+02
4.575910e+01  1.139545e+03
5.632006e+01  1.344945e+03
7.045668e+01  1.587367e+03
8.671772e+01  1.901082e+03
1.084843e+02  2.276797e+03
1.335219e+02  2.687183e+03
1.670366e+02  3.265662e+03
2.055878e+02  3.911062e+03
2.571914e+02  4.684013e+03
3.165498e+02  5.637135e+03
3.960054e+02  6.751214e+03
4.874015e+02  7.929356e+03
6.097417e+02  9.496452e+03
7.504669e+02  1.120816e+04
9.388379e+02  1.303637e+04
1.155517e+03  1.531132e+04
1.445557e+03  1.807114e+04
1.779185e+03  2.091660e+04
2.225769e+03  2.468676e+04
2.739465e+03  2.871352e+04
3.427085e+03  3.275226e+04
4.218038e+03  3.735909e+04
5.276787e+03  4.118445e+04
6.494643e+03  4.607028e+04
8.124831e+03  5.178753e+04
1.000000e+04  5.994193e+04
