# x_e vs n [cm^-3] for N_H = 10^19 cm^-2
1.000000e+06  1.234377e-04
7.581453e+05  1.442737e-04
5.624367e+05  1.660169e-04
4.264088e+05  1.910371e-04
3.163351e+05  2.081490e-04
2.398279e+05  2.285692e-04
1.779185e+05  2.451887e-04
1.348880e+05  2.569344e-04
1.000679e+05  2.692427e-04
7.586599e+04  2.756163e-04
5.628186e+04  2.888196e-04
4.266982e+04  2.888196e-04
3.165498e+04  2.956565e-04
2.399908e+04  3.026553e-04
1.780393e+04  3.026553e-04
1.349796e+04  3.026553e-04
1.001358e+04  3.098198e-04
7.591750e+03  3.098198e-04
5.632006e+03  3.098198e-04
4.269879e+03  3.098198e-04
3.167647e+03  3.098198e-04
2.401537e+03  3.098198e-04
1.781601e+03  3.171539e-04
1.350713e+03  3.171539e-04
1.002038e+03  3.246616e-04
7.596903e+02  3.323471e-04
5.635830e+02  3.375715e-04
4.272778e+02  3.537428e-04
3.169798e+02  3.706887e-04
2.403167e+02  3.884464e-04
1.782811e+02  4.166906e-04
1.351629e+02  4.469885e-04
1.002718e+02  4.908399e-04
7.602061e+01  5.474662e-04
5.609121e+01  6.154060e-04
4.275678e+01  6.917770e-04
3.154776e+01  7.960336e-04
2.404798e+01  9.304020e-04
1.774362e+01  1.095965e-03
1.352547e+01  1.321551e-03
9.979662e+00  1.581189e-03
7.566033e+00  1.951784e-03
5.612928e+00  2.447111e-03
4.255415e+00  3.092164e-03
3.156917e+00  4.062619e-03
2.393402e+00  5.506778e-03
1.775566e+00  7.581636e-03
1.346137e+00  1.019688e-02
9.986437e-01  1.382162e-02
7.408526e-01  1.732929e-02
5.616739e-01  2.139088e-02
4.166827e-01  2.579382e-02
3.159060e-01  2.945059e-02
2.343577e-01  3.388904e-02
1.776772e-01  3.991953e-02
1.318114e-01  4.557889e-02
9.993216e-02  5.244801e-02
7.413555e-02  6.035237e-02
5.620552e-02  6.944798e-02
4.169656e-02  7.745992e-02
3.161205e-02  8.913378e-02
2.345168e-02  1.025670e-01
1.777978e-02  1.171078e-01
1.319008e-02  1.347570e-01
1.000000e-02  1.550660e-01
