# x_H2 vs n [cm^-3] for N_H = 10^19 cm^-2
1.000000e+06  9.768753e-01
7.581453e+05  9.542853e-01
5.624367e+05  9.322177e-01
4.264088e+05  9.322177e-01
3.163351e+05  9.106605e-01
2.398279e+05  8.690299e-01
1.779185e+05  8.489338e-01
1.348880e+05  7.913912e-01
1.000679e+05  7.435249e-01
7.586599e+04  6.770987e-01
5.628186e+04  5.884190e-01
4.266982e+04  4.995288e-01
3.165498e+04  4.078492e-01
2.399908e+04  3.080130e-01
1.780393e+04  2.185459e-01
1.349796e+04  1.479772e-01
1.001358e+04  9.340370e-02
7.591750e+03  5.626155e-02
5.632006e+03  3.310537e-02
4.269879e+03  1.902936e-02
3.167647e+03  1.093831e-02
2.401537e+03  6.047015e-03
1.781601e+03  3.316997e-03
1.350713e+03  1.777413e-03
1.002038e+03  9.304020e-04
7.596903e+02  4.575697e-04
5.635830e+02  2.001887e-04
4.272778e+02  6.023482e-05
3.169798e+02  1.171078e-05
2.403167e+02  6.944798e-06
1.782811e+02  4.557889e-06
1.351629e+02  3.159196e-06
1.002718e+02  2.294623e-06
7.602061e+01  1.692855e-06
5.609121e+01  1.258680e-06
4.275678e+01  9.580137e-07
3.154776e+01  7.235044e-07
2.404798e+01  5.506778e-07
1.774362e+01  4.158790e-07
1.352547e+01  3.165362e-07
9.979662e+00  2.447111e-07
7.566033e+00  1.862559e-07
5.612928e+00  1.439927e-07
4.255415e+00  1.095965e-07
3.156917e+00  8.741278e-08
2.393402e+00  6.917770e-08
1.775566e+00  6.154060e-08
1.346137e+00  6.154060e-08
9.986437e-01  6.154060e-08
7.408526e-01  5.872729e-08
5.616739e-01  5.024592e-08
4.166827e-01  4.070548e-08
3.159060e-01  3.171539e-08
2.343577e-01  2.451887e-08
1.776772e-01  1.910371e-08
1.318114e-01  1.442737e-08
9.993216e-02  1.098104e-08
9.062853e-02  1.000000e-08
