# x_CO vs n [cm^-3] for N_H = 10^20 cm^-2
1.000000e+06  2.001887e-04
7.581453e+05  1.780882e-04
5.624367e+05  1.584275e-04
4.264088e+05  1.344945e-04
3.163351e+05  1.150708e-04
2.398279e+05  9.542853e-05
1.779185e+05  7.611257e-05
1.348880e+05  6.023482e-05
1.000679e+05  4.693155e-05
7.586599e+04  3.628233e-05
5.628186e+04  2.697682e-05
4.266982e+04  1.990212e-05
3.165498e+04  1.445553e-05
2.399908e+04  1.001952e-05
1.780393e+04  6.784201e-06
1.349796e+04  4.349527e-06
1.001358e+04  2.579382e-06
7.591750e+03  1.448374e-06
5.632006e+03  7.235044e-07
4.269879e+03  3.240293e-07
3.167647e+03  1.321551e-07
2.401537e+03  5.024592e-08
1.781601e+03  1.780882e-08
1.530355e+03  1.000000e-08
