# x_H2 vs n [cm^-3] for N_H = 10^20 cm^-2
1.000000e+06  1.000000e+00
7.581453e+05  1.000000e+00
5.624367e+05  9.768753e-01
4.264088e+05  9.768753e-01
3.163351e+05  9.768753e-01
2.398279e+05  9.768753e-01
1.779185e+05  9.542853e-01
1.348880e+05  9.542853e-01
1.000679e+05  9.322177e-01
7.586599e+04  9.106605e-01
5.628186e+04  8.690299e-01
4.266982e+04  8.489338e-01
3.165498e+04  7.913912e-01
2.399908e+04  7.435249e-01
1.780393e+04  6.770987e-01
1.349796e+04  5.884190e-01
1.001358e+04  4.995288e-01
7.591750e+03  4.078492e-01
5.632006e+03  3.153043e-01
4.269879e+03  2.290153e-01
3.167647e+03  1.550660e-01
2.401537e+03  1.001952e-01
1.781601e+03  6.324353e-02
1.350713e+03  3.721370e-02
1.002038e+03  2.189725e-02
7.596903e+02  1.258680e-02
5.635830e+02  7.235044e-03
4.272778e+02  4.158790e-03
3.169798e+02  2.335242e-03
2.403167e+02  1.321551e-03
1.782811e+02  7.249163e-04
1.351629e+02  3.976417e-04
1.002718e+02  2.130763e-04
7.602061e+01  1.098104e-04
5.609121e+01  5.234586e-05
4.275678e+01  2.237194e-05
3.154776e+01  6.944798e-06
2.404798e+01  1.318977e-06
1.774362e+01  6.904296e-07
1.352547e+01  4.785554e-07
9.979662e+00  3.475897e-07
7.566033e+00  2.564339e-07
5.612928e+00  1.906650e-07
4.255415e+00  1.417642e-07
3.156917e+00  1.070621e-07
2.393402e+00  8.148774e-08
1.775566e+00  6.011749e-08
1.346137e+00  4.794894e-08
9.986437e-01  4.166906e-08
7.408526e-01  4.070548e-08
5.616739e-01  3.976417e-08
4.166827e-01  3.794637e-08
3.159060e-01  3.375715e-08
2.343577e-01  2.821407e-08
1.776772e-01  2.232836e-08
1.318114e-01  1.739699e-08
9.993216e-02  1.344945e-08
7.413555e-02  1.047905e-08
7.098460e-02  1.000000e-08
