# x_CO vs n [cm^-3] for N_H = 10^19 cm^-2
1.000000e+06  1.823039e-04
7.581453e+05  1.584275e-04
5.624367e+05  1.376783e-04
4.264088e+05  1.150708e-04
3.163351e+05  9.542853e-05
2.398279e+05  7.791432e-05
1.779185e+05  6.166070e-05
1.348880e+05  4.804252e-05
1.000679e+05  3.628233e-05
7.586599e+04  2.697682e-05
5.628186e+04  1.944188e-05
4.266982e+04  1.347570e-05
3.165498e+04  8.913378e-06
2.399908e+04  5.244801e-06
1.780393e+04  2.745436e-06
1.349796e+04  1.288476e-06
1.001358e+04  5.133516e-07
7.591750e+03  1.862559e-07
5.632006e+03  6.448868e-08
4.269879e+03  2.081490e-08
3.511842e+03  1.000000e-08
