# n [cm^-3], rate [erg/s/H] - N20 curve 3
1.000000e+06 3.981072e-26
7.581453e+05 3.981072e-26
5.624367e+05 4.063394e-26
4.264088e+05 4.063394e-26
3.163351e+05 4.063394e-26
2.398279e+05 4.063394e-26
1.779185e+05 3.981072e-26
1.348880e+05 3.887135e-26
1.000679e+05 3.795415e-26
7.586599e+04 3.630781e-26
5.628186e+04 3.379784e-26
4.266982e+04 3.082399e-26
3.165498e+04 2.811182e-26
2.399908e+04 2.452616e-26
1.780393e+04 2.089296e-26
1.349796e+04 1.696796e-26
1.001358e+04 1.345516e-26
7.591750e+03 1.070606e-26
5.632006e+03 8.317638e-27
4.269879e+03 6.309573e-27
3.167647e+03 4.786301e-27
2.401537e+03 3.630781e-27
1.781601e+03 2.754229e-27
1.350713e+03 2.089296e-27
1.002038e+03 1.584893e-27
7.596903e+02 1.202264e-27
5.635830e+02 9.340505e-28
4.272778e+02 7.085498e-28
3.169798e+02 5.374900e-28
2.403167e+02 4.077278e-28
1.782811e+02 3.092932e-28
1.351629e+02 2.346229e-28
1.002718e+02 1.816600e-28
7.602061e+01 1.378032e-28
5.609121e+01 1.045344e-28
5.341640e+01 1.000000e-28
