# n [cm^-3], rate [erg/s/H] - N19 curve 1
1.351629e+02 1.000000e-28
1.002718e+02 1.480370e-28
7.602061e+01 2.139786e-28
5.609121e+01 3.156889e-28
4.275678e+01 4.563092e-28
3.154776e+01 6.595675e-28
2.404798e+01 9.533651e-28
1.774362e+01 1.350114e-27
1.352547e+01 1.905461e-27
9.979662e+00 2.689240e-27
7.566033e+00 3.718522e-27
5.612928e+00 5.003331e-27
4.255415e+00 6.595675e-27
3.156917e+00 8.489632e-27
2.393402e+00 1.070606e-26
1.775566e+00 1.287151e-26
1.346137e+00 1.445440e-26
9.986437e-01 1.547496e-26
7.408526e-01 1.510982e-26
5.616739e-01 1.411333e-26
4.166827e-01 1.202264e-26
3.159060e-01 1.000000e-26
2.343577e-01 8.317638e-27
1.776772e-01 6.755067e-27
1.318114e-01 5.486044e-27
9.993216e-02 4.470647e-27
7.413555e-02 3.718522e-27
5.620552e-02 3.092932e-27
4.169656e-02 2.511886e-27
3.161205e-02 2.089296e-27
2.345168e-02 1.737801e-27
1.777978e-02 1.480370e-27
1.319008e-02 1.231318e-27
1.000000e-02 1.045344e-27
