# n [cm^-3], rate [erg/s/H] - N19 curve 0
1.000000e+06 1.287151e-28
7.581453e+05 3.981072e-28
5.624367e+05 1.318257e-27
4.264088e+05 4.365158e-27
3.163351e+05 1.227125e-26
2.398279e+05 2.689240e-26
1.779185e+05 4.563092e-26
1.348880e+05 6.309573e-26
1.000679e+05 7.742637e-26
7.586599e+04 8.904912e-26
5.628186e+04 9.533651e-26
4.266982e+04 1.000000e-25
3.165498e+04 1.020678e-25
2.399908e+04 1.000000e-25
1.780393e+04 1.000000e-25
1.349796e+04 9.533651e-26
1.001358e+04 9.308697e-26
7.591750e+03 9.120108e-26
5.632006e+03 8.904912e-26
4.269879e+03 8.694793e-26
3.167647e+03 8.489632e-26
2.401537e+03 8.317638e-26
1.781601e+03 8.317638e-26
1.350713e+03 8.121376e-26
1.002038e+03 8.121376e-26
7.596903e+02 7.929746e-26
5.635830e+02 7.742637e-26
4.272778e+02 7.742637e-26
3.169798e+02 7.585776e-26
2.403167e+02 7.406783e-26
1.782811e+02 7.232014e-26
1.351629e+02 7.061369e-26
1.002718e+02 6.918310e-26
7.602061e+01 6.755067e-26
5.609121e+01 6.440045e-26
4.275678e+01 6.309573e-26
3.154776e+01 6.015327e-26
2.404798e+01 5.754399e-26
1.774362e+01 5.356596e-26
1.352547e+01 5.124242e-26
9.979662e+00 4.673364e-26
7.566033e+00 4.262159e-26
5.612928e+00 3.795415e-26
4.255415e+00 3.311311e-26
3.156917e+00 2.811182e-26
2.393402e+00 2.338239e-26
1.775566e+00 1.905461e-26
1.346137e+00 1.510982e-26
9.986437e-01 1.202264e-26
7.408526e-01 9.533651e-27
5.616739e-01 7.742637e-27
4.166827e-01 6.440045e-27
3.159060e-01 5.248075e-27
2.343577e-01 4.365158e-27
1.776772e-01 3.630781e-27
1.318114e-01 3.019952e-27
9.993216e-02 2.511886e-27
7.413555e-02 2.139786e-27
5.620552e-02 1.779797e-27
4.169656e-02 1.510982e-27
3.161205e-02 1.287151e-27
2.345168e-02 1.096478e-27
1.777978e-02 9.340505e-28
1.319008e-02 8.121376e-28
1.000000e-02 7.085498e-28
