# n [cm^-3], rate [erg/s/H] - N19 curve 2
1.000000e+06 1.227125e-25
7.581453e+05 1.146197e-25
5.624367e+05 1.096478e-25
4.264088e+05 1.020678e-25
3.163351e+05 9.308697e-26
2.398279e+05 7.742637e-26
1.779185e+05 6.015327e-26
1.348880e+05 4.365158e-26
1.000679e+05 3.019952e-26
7.586599e+04 1.991862e-26
5.628186e+04 1.256780e-26
4.266982e+04 7.585776e-27
3.165498e+04 4.262159e-27
2.399908e+04 2.184033e-27
1.780393e+04 9.764042e-28
1.349796e+04 3.718522e-28
1.001358e+04 1.231318e-28
9.536067e+03 1.000000e-28
