# n [cm^-3], rate [erg/s/H] - N20 curve 2
1.000000e+06 5.486044e-28
7.581453e+05 5.754399e-28
5.624367e+05 6.015327e-28
4.264088e+05 6.160694e-28
3.163351e+05 6.309573e-28
2.398279e+05 6.595675e-28
1.779185e+05 6.595675e-28
1.348880e+05 6.755067e-28
1.000679e+05 6.918310e-28
7.586599e+04 6.918310e-28
5.628186e+04 6.918310e-28
4.266982e+04 7.085498e-28
3.165498e+04 7.085498e-28
2.399908e+04 7.085498e-28
1.780393e+04 7.085498e-28
1.349796e+04 7.085498e-28
1.001358e+04 7.085498e-28
7.591750e+03 7.085498e-28
5.632006e+03 7.085498e-28
4.269879e+03 7.085498e-28
3.167647e+03 7.085498e-28
2.401537e+03 7.232014e-28
1.781601e+03 7.232014e-28
1.350713e+03 7.232014e-28
1.002038e+03 7.232014e-28
7.596903e+02 7.232014e-28
5.635830e+02 7.406783e-28
4.272778e+02 7.406783e-28
3.169798e+02 7.585776e-28
2.403167e+02 7.585776e-28
1.782811e+02 7.769094e-28
1.351629e+02 7.929746e-28
1.002718e+02 8.121376e-28
7.602061e+01 8.317638e-28
5.609121e+01 8.694793e-28
4.275678e+01 8.904912e-28
3.154776e+01 9.340505e-28
2.404798e+01 9.533651e-28
1.774362e+01 1.000000e-27
1.352547e+01 1.045344e-27
9.979662e+00 1.096478e-27
7.566033e+00 1.146197e-27
5.612928e+00 1.231318e-27
4.255415e+00 1.287151e-27
3.156917e+00 1.378032e-27
2.393402e+00 1.445440e-27
1.775566e+00 1.547496e-27
1.346137e+00 1.656759e-27
9.986437e-01 1.737801e-27
7.408526e-01 1.816600e-27
5.616739e-01 1.905461e-27
4.166827e-01 1.951508e-27
3.159060e-01 1.991862e-27
2.343577e-01 2.039997e-27
1.776772e-01 2.089296e-27
1.318114e-01 2.139786e-27
9.993216e-02 2.184033e-27
7.413555e-02 2.236813e-27
5.620552e-02 2.290868e-27
4.169656e-02 2.346229e-27
3.161205e-02 2.346229e-27
2.345168e-02 2.394745e-27
1.777978e-02 2.452616e-27
1.319008e-02 2.511886e-27
1.000000e-02 2.511886e-27
