# n [cm^-3], rate [erg/s/H] - N20 curve 0
1.000000e+06 8.121376e-26
7.581453e+05 8.121376e-26
5.624367e+05 8.121376e-26
4.264088e+05 8.121376e-26
3.163351e+05 8.121376e-26
2.398279e+05 8.121376e-26
1.779185e+05 8.121376e-26
1.348880e+05 8.121376e-26
1.000679e+05 8.121376e-26
7.586599e+04 8.121376e-26
5.628186e+04 8.121376e-26
4.266982e+04 8.121376e-26
3.165498e+04 8.121376e-26
2.399908e+04 8.121376e-26
1.780393e+04 8.121376e-26
1.349796e+04 8.121376e-26
1.001358e+04 8.121376e-26
7.591750e+03 8.121376e-26
5.632006e+03 7.929746e-26
4.269879e+03 7.929746e-26
3.167647e+03 7.929746e-26
2.401537e+03 7.929746e-26
1.781601e+03 7.929746e-26
1.350713e+03 7.929746e-26
1.002038e+03 7.742637e-26
7.596903e+02 7.742637e-26
5.635830e+02 7.742637e-26
4.272778e+02 7.585776e-26
3.169798e+02 7.406783e-26
2.403167e+02 7.406783e-26
1.782811e+02 7.232014e-26
1.351629e+02 7.061369e-26
1.002718e+02 6.918310e-26
7.602061e+01 6.595675e-26
5.609121e+01 6.440045e-26
4.275678e+01 6.160694e-26
3.154776e+01 6.015327e-26
2.404798e+01 5.754399e-26
1.774362e+01 5.486044e-26
1.352547e+01 5.124242e-26
9.979662e+00 4.885274e-26
7.566033e+00 4.563092e-26
5.612928e+00 4.365158e-26
4.255415e+00 4.063394e-26
3.156917e+00 3.705859e-26
2.393402e+00 3.461460e-26
1.775566e+00 3.233178e-26
1.346137e+00 3.019952e-26
9.986437e-01 2.754229e-26
7.408526e-01 2.452616e-26
5.616739e-01 2.184033e-26
4.166827e-01 1.944862e-26
3.159060e-01 1.696796e-26
2.343577e-01 1.510982e-26
1.776772e-01 1.345516e-26
1.318114e-01 1.173896e-26
9.993216e-02 1.020678e-26
7.413555e-02 8.904912e-27
5.620552e-02 7.742637e-27
4.169656e-02 6.755067e-27
3.161205e-02 5.754399e-27
2.345168e-02 5.003331e-27
1.777978e-02 4.262159e-27
1.319008e-02 3.630781e-27
1.000000e-02 3.019952e-27
