# n [cm^-3], rate [erg/s/H] - N19 curve 4
1.000000e+06 9.764042e-28
7.581453e+05 5.248075e-27
5.624367e+05 1.045344e-26
4.264088e+05 1.475329e-26
3.163351e+05 1.737801e-26
2.398279e+05 1.773736e-26
1.779185e+05 1.617666e-26
1.348880e+05 1.378032e-26
1.000679e+05 1.119152e-26
7.586599e+04 8.694793e-27
5.628186e+04 6.755067e-27
4.266982e+04 5.248075e-27
3.165498e+04 3.981072e-27
2.399908e+04 3.019952e-27
1.780393e+04 2.346229e-27
1.349796e+04 1.779797e-27
1.001358e+04 1.378032e-27
7.591750e+03 1.070606e-27
5.632006e+03 8.317638e-28
4.269879e+03 6.595675e-28
3.167647e+03 5.248075e-28
2.401537e+03 4.262159e-28
1.781601e+03 3.461460e-28
1.350713e+03 2.879117e-28
1.002038e+03 2.346229e-28
7.596903e+02 1.991862e-28
5.635830e+02 1.656759e-28
4.272778e+02 1.411333e-28
3.169798e+02 1.202264e-28
2.403167e+02 1.024166e-28
2.301026e+02 1.000000e-28
