# Timescale [yr] vs n [cm^-3] - curve 1 (LT2)
1.000000e+04  1.899230e+05
8.124831e+03  3.743200e+05
6.494643e+03  4.804252e+05
5.276787e+03  3.008903e+05
4.218038e+03  7.377489e+05
3.427085e+03  6.718387e+05
2.739465e+03  6.512042e+05
2.225769e+03  5.571575e+05
1.779185e+03  5.930259e+05
1.445557e+03  7.150900e+05
1.155517e+03  7.377489e+05
9.388379e+02  8.293025e+05
7.504669e+02  7.611257e+05
6.097417e+02  8.038317e+05
4.874015e+02  8.293025e+05
3.960054e+02  7.852433e+05
3.165498e+02  8.038317e+05
2.571914e+02  8.038317e+05
2.055878e+02  8.293025e+05
1.670366e+02  8.038317e+05
1.335219e+02  8.293025e+05
1.084843e+02  8.293025e+05
8.671772e+01  8.555803e+05
7.045668e+01  8.555803e+05
5.632006e+01  8.826909e+05
4.575910e+01  9.106605e+05
3.657787e+01  9.395163e+05
2.971890e+01  9.692865e+05
2.375602e+01  1.031687e+06
1.930136e+01  1.132899e+06
1.542869e+01  1.205833e+06
1.253555e+01  1.355475e+06
1.002038e+01  1.535617e+06
8.141389e+00  1.739699e+06
6.481434e+00  2.033356e+06
5.287541e+00  2.432840e+06
4.209460e+00  2.933597e+06
3.434069e+00  3.621166e+06
2.733894e+00  4.504881e+06
2.230305e+00  5.736924e+06
1.775566e+00  7.596432e+06
1.442617e+00  9.980522e+06
1.153167e+00  1.363426e+07
9.369285e-01  1.967065e+07
7.489406e-01  2.837958e+07
6.085016e-01  4.358015e+07
4.864102e-01  6.904296e+07
3.952000e-01  1.093831e+08
3.159060e-01  1.679704e+08
2.525218e-01  2.442345e+08
2.051697e-01  3.310537e+08
1.640039e-01  4.248945e+08
1.332504e-01  5.410992e+08
1.065147e-01  6.731499e+08
8.654136e-02  8.309209e+08
6.917746e-02  1.033700e+09
5.620552e-02  1.275976e+09
4.492829e-02  1.587367e+09
3.650348e-02  1.959410e+09
2.917932e-02  2.437587e+09
2.370770e-02  3.008903e+09
1.895093e-02  3.743200e+09
1.539731e-02  4.656696e+09
1.230795e-02  5.748120e+09
1.000000e-02  7.150900e+09
