# Timescale [yr] vs n [cm^-3] - curve 0 (LT1)
1.000000e+04  7.837138e+02
8.124831e+03  8.878689e+02
6.494643e+03  9.980522e+02
5.276787e+03  1.166521e+03
4.218038e+03  1.406629e+03
3.427085e+03  1.581189e+03
2.739465e+03  1.736311e+03
2.225769e+03  1.848090e+03
1.779185e+03  1.967065e+03
1.445557e+03  2.093700e+03
1.155517e+03  2.160043e+03
9.388379e+02  2.228487e+03
7.504669e+02  2.353525e+03
6.097417e+02  2.505039e+03
4.874015e+02  2.666308e+03
3.960054e+02  2.837958e+03
3.165498e+02  3.020658e+03
2.571914e+02  3.215121e+03
2.055878e+02  3.422102e+03
1.670366e+02  3.642409e+03
1.335219e+02  3.846780e+03
1.084843e+02  4.094426e+03
8.671772e+01  4.496106e+03
7.045668e+01  4.785554e+03
5.632006e+01  5.255037e+03
4.575910e+01  5.770578e+03
3.657787e+01  6.287469e+03
2.971890e+01  6.904296e+03
2.375602e+01  7.821873e+03
1.930136e+01  8.861395e+03
1.542869e+01  1.027672e+04
1.253555e+01  1.201140e+04
1.002038e+01  1.403889e+04
8.141389e+00  1.679704e+04
6.481434e+00  2.025442e+04
5.287541e+00  2.519735e+04
4.209460e+00  3.208858e+04
3.434069e+00  4.248945e+04
2.733894e+00  5.759338e+04
2.230305e+00  8.054004e+04
1.775566e+00  1.198800e+05
1.442617e+00  1.840898e+05
1.153167e+00  3.104245e+05
9.369285e-01  5.571575e+05
7.489406e-01  1.098104e+06
6.085016e-01  2.432840e+06
4.864102e-01  5.432133e+06
3.952000e-01  1.166521e+07
3.159060e-01  2.353525e+07
2.525218e-01  4.094426e+07
2.051697e-01  5.953429e+07
1.640039e-01  7.821873e+07
1.332504e-01  9.431870e+07
1.065147e-01  1.128490e+08
8.654136e-02  1.318977e+08
6.917746e-02  1.590465e+08
5.620552e-02  1.844490e+08
4.492829e-02  2.155835e+08
3.650348e-02  2.519735e+08
2.917932e-02  2.922180e+08
2.370770e-02  3.415437e+08
1.895093e-02  3.991953e+08
1.539731e-02  4.629538e+08
1.230795e-02  5.244801e+08
1.000000e-02  6.130110e+08
