# Timescale [yr] vs n [cm^-3] - curve 2 (LT4)
1.000000e+04  3.402144e+06
8.124831e+03  3.402144e+06
6.494643e+03  3.402144e+06
5.276787e+03  3.402144e+06
4.218038e+03  3.402144e+06
3.427085e+03  3.402144e+06
2.739465e+03  3.402144e+06
2.225769e+03  3.509947e+06
1.779185e+03  3.735909e+06
1.445557e+03  3.976417e+06
1.155517e+03  4.232409e+06
9.388379e+02  4.794894e+06
7.504669e+02  5.560723e+06
6.097417e+02  6.705301e+06
4.874015e+02  8.341673e+06
3.960054e+02  1.062304e+07
3.165498e+02  1.439927e+07
2.571914e+02  2.029395e+07
2.055878e+02  2.837958e+07
1.670366e+02  3.968672e+07
1.335219e+02  5.770578e+07
1.084843e+02  8.325425e+07
8.671772e+01  1.201140e+08
7.045668e+01  1.732929e+08
5.632006e+01  2.519735e+08
4.575910e+01  3.635314e+08
3.657787e+01  5.244801e+08
2.971890e+01  7.566868e+08
2.375602e+01  1.100247e+09
1.930136e+01  1.538614e+09
1.542869e+01  2.219814e+09
1.253555e+01  3.202608e+09
1.002038e+01  4.656696e+09
8.141389e+00  6.512042e+09
6.481434e+00  9.395163e+09
6.248215e+00  1.000000e+10
