# Timescale [yr] vs n [cm^-3] - curve 3 (LT6)
1.000000e+04  8.826909e+05
8.124831e+03  1.064377e+06
6.494643e+03  1.273491e+06
5.276787e+03  1.535617e+06
4.218038e+03  1.910371e+06
3.427085e+03  2.285692e+06
2.739465e+03  2.756163e+06
2.225769e+03  3.323471e+06
1.779185e+03  4.102417e+06
1.445557e+03  4.946828e+06
1.155517e+03  5.918708e+06
9.388379e+02  7.136972e+06
7.504669e+02  8.878689e+06
6.097417e+02  1.062304e+07
4.874015e+02  1.280961e+07
3.960054e+02  1.532626e+07
3.165498e+02  1.906650e+07
2.571914e+02  2.299101e+07
2.055878e+02  2.750794e+07
1.670366e+02  3.316997e+07
1.335219e+02  4.094426e+07
1.084843e+02  4.937193e+07
8.671772e+01  5.953429e+07
7.045668e+01  7.123070e+07
5.632006e+01  8.861395e+07
4.575910e+01  1.060235e+08
3.657787e+01  1.278466e+08
2.971890e+01  1.541616e+08
2.375602e+01  1.902936e+08
1.930136e+01  2.294623e+08
1.542869e+01  2.745436e+08
1.253555e+01  3.310537e+08
1.002038e+01  4.118445e+08
8.141389e+00  4.927576e+08
6.481434e+00  5.941833e+08
5.287541e+00  7.109196e+08
4.209460e+00  8.844135e+08
3.434069e+00  1.066455e+09
2.733894e+00  1.275976e+09
2.230305e+00  1.538614e+09
1.775566e+00  1.899230e+09
1.442617e+00  2.290153e+09
1.153167e+00  2.761541e+09
9.369285e-01  3.304088e+09
7.489406e-01  4.110423e+09
6.085016e-01  4.917978e+09
4.864102e-01  5.930259e+09
3.952000e-01  7.150900e+09
3.159060e-01  8.826909e+09
2.717247e-01  1.000000e+10
